1000
0 0.000000e+00 1.403046e+00 1.758294e+02 6.420251e+00 1.396939e+02 7.962373e+01 9.777530e-01
1 0.000000e+00 1.425017e+00 1.764610e+02 6.848048e-01 1.413535e+02 8.055393e+01 9.696724e-01
2 0.000000e+00 1.384122e+00 1.793567e+02 6.359878e+00 1.351891e+02 7.943652e+01 9.661062e-01
3 0.000000e+00 1.497268e+00 1.716704e+02 3.301558e-01 1.379466e+02 7.672641e+01 9.673583e-01
4 0.000000e+00 1.367830e+00 1.690690e+02 4.340160e+00 1.412327e+02 7.757266e+01 9.618593e-01
5 0.000000e+00 1.274108e+00 1.747489e+02 5.715902e+00 1.321052e+02 7.993376e+01 9.694777e-01
6 0.000000e+00 1.466932e+00 1.658135e+02 9.634906e+00 1.413066e+02 7.991117e+01 9.642423e-01
7 0.000000e+00 1.350305e+00 1.775405e+02 3.213089e+00 1.383447e+02 8.409657e+01 9.815122e-01
8 0.000000e+00 1.346820e+00 1.644509e+02 3.352703e+00 1.337191e+02 7.905690e+01 9.587518e-01
9 0.000000e+00 1.468355e+00 1.780783e+02 8.966863e-01 1.427131e+02 7.982832e+01 9.739011e-01
10 0.000000e+00 1.423381e+00 1.753718e+02 3.018081e+00 1.327016e+02 7.506054e+01 9.459365e-01
11 0.000000e+00 1.403091e+00 1.796407e+02 6.173620e+00 1.406219e+02 7.713782e+01 9.435567e-01
12 0.000000e+00 1.459046e+00 1.699745e+02 5.507851e+00 1.389078e+02 7.842078e+01 9.699047e-01
13 0.000000e+00 1.264771e+00 1.798048e+02 4.065229e+00 1.354788e+02 8.279413e+01 9.567418e-01
14 0.000000e+00 1.413561e+00 1.752433e+02 6.439371e+00 1.402172e+02 8.237507e+01 9.851963e-01
15 0.000000e+00 1.521036e+00 1.796078e+02 1.608544e+00 1.380227e+02 7.666977e+01 9.591684e-01
16 0.000000e+00 1.409439e+00 1.795527e+02 2.023799e+00 1.366632e+02 8.098411e+01 9.748183e-01
17 0.000000e+00 1.478708e+00 1.723889e+02 8.875951e+00 1.412848e+02 7.787854e+01 9.727049e-01
18 0.000000e+00 1.388567e+00 1.677832e+02 3.596473e+00 1.377222e+02 7.735617e+01 9.630360e-01
19 0.000000e+00 1.218172e+00 1.716456e+02 9.582609e+00 1.273596e+02 7.932911e+01 9.614326e-01
20 0.000000e+00 1.499588e+00 1.678207e+02 6.420296e+00 1.360554e+02 8.037375e+01 9.661641e-01
21 0.000000e+00 1.344988e+00 1.686323e+02 9.871063e+00 1.267454e+02 7.811356e+01 9.507071e-01
22 0.000000e+00 1.400021e+00 1.742266e+02 1.295998e+00 1.398394e+02 7.888935e+01 9.542045e-01
23 0.000000e+00 1.434713e+00 1.701979e+02 8.056741e-01 1.370193e+02 7.498671e+01 9.635632e-01
24 0.000000e+00 1.289962e+00 1.766772e+02 1.356146e+00 1.365633e+02 7.812978e+01 9.686826e-01
25 0.000000e+00 1.464234e+00 1.770839e+02 6.649504e+00 1.420854e+02 8.115043e+01 9.633306e-01
26 0.000000e+00 1.410174e+00 1.723595e+02 4.933638e+00 1.317832e+02 8.257482e+01 9.747564e-01
27 0.000000e+00 1.518056e+00 1.776421e+02 4.653948e+00 1.318178e+02 7.947973e+01 9.610840e-01
28 0.000000e+00 1.413022e+00 1.749437e+02 6.662753e+00 1.428238e+02 8.142585e+01 9.562499e-01
29 0.000000e+00 1.346231e+00 1.778440e+02 3.957617e+00 1.400968e+02 8.220235e+01 9.708984e-01
30 0.000000e+00 1.308989e+00 1.740180e+02 4.392022e+00 1.365869e+02 8.094821e+01 9.808983e-01
31 0.000000e+00 1.405904e+00 1.763636e+02 2.213333e+00 1.363955e+02 8.106253e+01 9.713000e-01
32 0.000000e+00 1.456095e+00 1.777116e+02 5.696327e+00 1.438233e+02 8.268271e+01 9.585370e-01
33 0.000000e+00 1.230181e+00 1.799271e+02 1.143718e+00 1.381869e+02 8.177113e+01 9.572568e-01
34 0.000000e+00 1.518094e+00 1.761477e+02 2.424288e+00 1.413109e+02 8.437580e+01 9.723167e-01
35 0.000000e+00 1.374150e+00 1.763463e+02 5.138399e+00 1.395522e+02 8.039226e+01 9.658577e-01
36 0.000000e+00 1.386213e+00 1.761858e+02 4.789679e+00 1.345132e+02 8.300574e+01 9.765072e-01
37 0.000000e+00 1.373992e+00 1.744899e+02 1.412850e+00 1.427100e+02 8.065433e+01 9.648371e-01
38 0.000000e+00 1.397716e+00 1.776067e+02 1.896222e+00 1.384115e+02 8.387075e+01 9.781155e-01
39 0.000000e+00 1.584348e+00 1.617932e+02 8.533411e+00 1.436915e+02 8.202852e+01 9.613018e-01
40 0.000000e+00 1.514343e+00 1.794410e+02 5.993529e-01 1.382678e+02 7.843900e+01 9.336223e-01
41 0.000000e+00 1.377208e+00 1.620135e+02 9.751579e+00 1.373680e+02 7.707015e+01 9.685227e-01
42 0.000000e+00 1.555567e+00 1.766333e+02 3.807741e+00 1.379117e+02 8.216193e+01 9.792990e-01
43 0.000000e+00 1.500029e+00 1.751043e+02 1.137293e+00 1.383823e+02 7.984875e+01 9.768816e-01
44 0.000000e+00 1.497302e+00 1.672155e+02 4.729859e+00 1.421650e+02 7.986876e+01 9.541293e-01
45 0.000000e+00 1.313080e+00 1.747892e+02 9.642534e+00 1.342338e+02 7.962818e+01 9.388951e-01
46 0.000000e+00 1.362962e+00 1.749752e+02 6.212638e-01 1.418289e+02 8.254856e+01 9.729891e-01
47 0.000000e+00 1.419070e+00 1.721772e+02 7.471896e+00 1.421326e+02 8.340391e+01 9.633457e-01
48 0.000000e+00 1.558428e+00 1.706973e+02 8.026754e+00 1.391695e+02 7.633013e+01 9.606614e-01
49 0.000000e+00 1.487455e+00 1.679513e+02 8.377846e+00 1.296275e+02 8.317477e+01 9.642893e-01
50 0.000000e+00 1.410143e+00 1.745169e+02 1.146401e+00 1.388294e+02 7.757995e+01 9.647610e-01
51 0.000000e+00 1.272120e+00 1.716359e+02 8.345938e+00 1.266150e+02 8.108080e+01 9.575465e-01
52 0.000000e+00 1.559511e+00 1.729162e+02 1.565095e+00 1.418434e+02 8.479601e+01 9.706845e-01
53 0.000000e+00 1.587577e+00 1.792758e+02 1.257455e+00 1.395353e+02 8.186909e+01 9.634088e-01
54 0.000000e+00 1.539848e+00 1.755378e+02 4.623881e-01 1.373430e+02 8.430407e+01 9.805573e-01
55 0.000000e+00 1.449838e+00 1.796989e+02 1.952655e+00 1.354559e+02 8.042754e+01 9.758141e-01
56 0.000000e+00 1.489281e+00 1.768199e+02 1.788130e+00 1.303794e+02 8.057926e+01 9.617831e-01
57 0.000000e+00 1.443954e+00 1.769755e+02 7.800613e+00 1.403333e+02 8.026941e+01 9.669916e-01
58 0.000000e+00 1.220168e+00 1.721097e+02 1.864895e+00 1.346542e+02 8.031547e+01 9.719103e-01
59 0.000000e+00 1.317784e+00 1.759394e+02 2.447592e+00 1.388814e+02 7.882667e+01 9.715847e-01
60 0.000000e+00 1.286166e+00 1.696064e+02 3.570893e+00 1.351863e+02 8.025056e+01 9.550019e-01
61 0.000000e+00 1.286074e+00 1.747258e+02 8.037197e+00 1.299097e+02 7.745654e+01 9.663174e-01
62 0.000000e+00 1.373594e+00 1.752423e+02 4.963152e+00 1.384328e+02 7.607030e+01 9.547448e-01
63 0.000000e+00 1.299734e+00 1.749411e+02 3.621904e-01 1.375325e+02 8.215769e+01 9.786414e-01
64 0.000000e+00 1.265600e+00 1.678772e+02 7.421102e+00 1.324911e+02 7.958130e+01 9.562942e-01
65 0.000000e+00 1.537371e+00 1.750054e+02 1.408898e+00 1.368063e+02 8.405882e+01 9.770611e-01
66 0.000000e+00 1.359514e+00 1.767453e+02 3.545803e+00 1.373911e+02 8.211008e+01 9.807841e-01
67 0.000000e+00 1.458703e+00 1.729795e+02 5.264409e-01 1.376209e+02 8.069539e+01 9.818211e-01
68 0.000000e+00 1.397727e+00 1.687022e+02 3.695407e+00 1.337724e+02 8.026455e+01 9.805594e-01
69 0.000000e+00 1.506949e+00 1.758504e+02 4.881743e+00 1.360589e+02 8.093730e+01 9.652391e-01
70 0.000000e+00 1.485966e+00 1.790227e+02 3.975018e+00 1.368990e+02 7.289620e+01 9.594872e-01
71 0.000000e+00 1.399352e+00 1.699815e+02 2.619792e+00 1.378604e+02 7.814655e+01 9.672419e-01
72 0.000000e+00 1.482586e+00 1.659935e+02 9.865898e+00 1.407906e+02 7.998965e+01 9.673069e-01
73 0.000000e+00 1.518456e+00 1.730136e+02 4.866886e+00 1.445163e+02 7.877494e+01 9.477687e-01
74 0.000000e+00 1.493642e+00 1.799199e+02 6.426173e-01 1.370854e+02 8.283457e+01 9.810138e-01
75 0.000000e+00 1.341341e+00 1.741788e+02 1.465709e+00 1.332761e+02 8.112425e+01 9.781892e-01
76 0.000000e+00 1.431304e+00 1.707427e+02 4.871880e+00 1.389733e+02 8.331194e+01 9.776110e-01
77 0.000000e+00 1.387248e+00 1.766319e+02 7.687346e+00 1.425812e+02 7.973994e+01 9.547525e-01
78 0.000000e+00 1.406446e+00 1.712003e+02 2.581663e+00 1.395348e+02 7.885058e+01 9.759600e-01
79 0.000000e+00 1.400291e+00 1.688540e+02 4.837294e+00 1.379236e+02 8.160394e+01 9.733322e-01
80 0.000000e+00 1.495428e+00 1.759077e+02 1.545077e-02 1.380298e+02 8.129710e+01 9.758065e-01
81 0.000000e+00 1.398639e+00 1.790103e+02 2.392163e+00 1.291123e+02 7.823970e+01 9.627487e-01
82 0.000000e+00 1.483685e+00 1.718718e+02 3.640804e+00 1.403878e+02 7.982262e+01 9.749071e-01
83 0.000000e+00 1.505763e+00 1.771927e+02 7.671955e-01 1.326955e+02 8.179922e+01 9.873049e-01
84 0.000000e+00 1.337484e+00 1.767237e+02 8.559032e+00 1.287910e+02 8.238638e+01 9.642040e-01
85 0.000000e+00 1.414046e+00 1.717335e+02 5.734952e+00 1.403190e+02 7.923422e+01 9.591042e-01
86 0.000000e+00 1.406330e+00 1.711500e+02 6.285854e+00 1.399501e+02 8.347956e+01 9.709588e-01
87 0.000000e+00 1.403984e+00 1.786893e+02 2.877657e+00 1.370150e+02 8.361608e+01 9.805590e-01
88 0.000000e+00 1.403822e+00 1.691229e+02 3.534415e+00 1.347571e+02 8.208012e+01 9.756487e-01
89 0.000000e+00 1.455712e+00 1.698312e+02 3.776807e+00 1.308477e+02 7.785707e+01 9.446164e-01
90 0.000000e+00 1.346812e+00 1.713853e+02 4.176376e+00 1.380768e+02 7.840841e+01 9.773912e-01
91 0.000000e+00 1.486057e+00 1.752125e+02 2.385439e+00 1.413390e+02 8.086650e+01 9.778104e-01
92 0.000000e+00 1.451990e+00 1.704954e+02 7.542363e+00 1.444322e+02 7.845353e+01 9.628059e-01
93 0.000000e+00 1.439638e+00 1.730655e+02 1.989340e+00 1.418020e+02 8.292604e+01 9.679861e-01
94 0.000000e+00 1.601050e+00 1.717715e+02 2.213832e+00 1.357258e+02 7.955884e+01 9.652609e-01
95 0.000000e+00 1.447571e+00 1.786340e+02 6.082457e+00 1.390338e+02 8.376340e+01 9.767778e-01
96 0.000000e+00 1.429730e+00 1.787177e+02 4.051308e+00 1.377864e+02 8.112813e+01 9.718417e-01
97 0.000000e+00 1.498068e+00 1.731777e+02 2.575251e+00 1.322136e+02 8.070520e+01 9.656084e-01
98 0.000000e+00 1.363852e+00 1.731210e+02 7.078850e+00 1.341097e+02 8.502882e+01 9.898041e-01
99 0.000000e+00 1.500556e+00 1.754796e+02 5.221444e+00 1.373998e+02 8.218152e+01 9.731301e-01
100 0.000000e+00 1.388905e+00 1.735948e+02 4.271811e+00 1.412317e+02 8.275255e+01 9.769934e-01
101 0.000000e+00 1.507000e+00 1.766063e+02 2.570099e+00 1.407015e+02 8.078256e+01 9.779942e-01
102 0.000000e+00 1.376498e+00 1.686416e+02 2.741670e+00 1.363327e+02 8.411014e+01 9.708996e-01
103 0.000000e+00 1.428601e+00 1.752191e+02 3.670833e+00 1.334733e+02 8.142876e+01 9.691998e-01
104 0.000000e+00 1.450623e+00 1.794938e+02 4.250181e+00 1.395946e+02 8.348327e+01 9.831753e-01
105 0.000000e+00 1.456492e+00 1.794950e+02 2.116646e+00 1.410669e+02 8.154568e+01 9.722029e-01
106 0.000000e+00 1.447115e+00 1.774589e+02 1.417128e+00 1.350902e+02 8.406274e+01 9.679465e-01
107 0.000000e+00 1.453327e+00 1.776699e+02 3.035034e+00 1.419562e+02 7.954431e+01 9.527255e-01
108 0.000000e+00 1.458925e+00 1.751010e+02 1.939402e+00 1.412849e+02 8.337880e+01 9.694262e-01
109 0.000000e+00 1.422839e+00 1.757410e+02 3.942219e-01 1.375121e+02 7.879862e+01 9.738521e-01
110 0.000000e+00 1.416277e+00 1.738694e+02 6.417504e+00 1.336677e+02 8.283273e+01 9.749456e-01
111 0.000000e+00 1.339441e+00 1.791151e+02 1.239225e+00 1.357887e+02 8.011007e+01 9.536713e-01
112 0.000000e+00 1.410497e+00 1.766471e+02 1.329202e+00 1.390918e+02 8.023559e+01 9.760709e-01
113 0.000000e+00 1.424084e+00 1.739235e+02 8.168810e+00 1.366258e+02 7.660255e+01 9.698280e-01
114 0.000000e+00 1.312363e+00 1.792945e+02 1.570887e+00 1.318163e+02 8.340455e+01 9.723094e-01
115 0.000000e+00 1.309362e+00 1.737067e+02 8.315216e+00 1.388269e+02 8.364715e+01 9.807073e-01
116 0.000000e+00 1.332160e+00 1.779726e+02 4.076650e+00 1.322861e+02 8.388813e+01 9.722367e-01
117 0.000000e+00 1.455419e+00 1.748303e+02 5.481007e+00 1.352983e+02 7.509984e+01 9.632147e-01
118 0.000000e+00 1.380705e+00 1.787988e+02 3.986980e+00 1.340691e+02 8.392708e+01 9.788544e-01
119 0.000000e+00 1.513778e+00 1.791353e+02 5.868896e+00 1.404219e+02 8.530967e+01 9.819458e-01
120 0.000000e+00 1.426096e+00 1.758722e+02 4.608231e+00 1.308022e+02 8.208381e+01 9.783843e-01
121 0.000000e+00 1.531381e+00 1.767869e+02 5.030519e+00 1.389338e+02 7.745712e+01 9.579875e-01
122 0.000000e+00 1.502488e+00 1.784561e+02 5.070529e+00 1.355044e+02 7.852379e+01 9.650405e-01
123 0.000000e+00 1.368673e+00 1.659342e+02 6.195222e+00 1.313001e+02 7.609052e+01 9.500331e-01
124 0.000000e+00 1.552412e+00 1.794634e+02 2.324493e+00 1.414135e+02 7.577231e+01 9.670825e-01
125 0.000000e+00 1.270385e+00 1.761566e+02 5.074984e+00 1.304726e+02 8.326503e+01 9.707731e-01
126 0.000000e+00 1.341736e+00 1.759036e+02 2.602292e-01 1.407665e+02 8.225708e+01 9.745922e-01
127 0.000000e+00 1.473536e+00 1.703054e+02 4.312540e+00 1.422546e+02 7.919368e+01 9.689216e-01
128 0.000000e+00 1.360846e+00 1.777407e+02 6.566372e+00 1.387243e+02 8.248142e+01 9.771962e-01
129 0.000000e+00 1.507010e+00 1.737298e+02 2.838225e+00 1.397263e+02 8.086474e+01 9.698137e-01
130 0.000000e+00 1.275633e+00 1.786761e+02 6.359800e+00 1.351779e+02 8.201169e+01 9.747324e-01
131 0.000000e+00 1.522276e+00 1.727388e+02 7.768365e-01 1.423852e+02 7.984474e+01 9.679311e-01
132 0.000000e+00 1.409707e+00 1.706434e+02 7.594719e+00 1.379453e+02 7.998215e+01 9.787921e-01
133 0.000000e+00 1.408443e+00 1.707842e+02 3.327874e+00 1.393224e+02 7.803844e+01 9.726444e-01
134 0.000000e+00 1.323457e+00 1.790079e+02 2.700435e+00 1.380222e+02 8.029300e+01 9.682037e-01
135 0.000000e+00 1.440346e+00 1.791993e+02 2.144425e+00 1.388787e+02 8.185820e+01 9.742151e-01
136 0.000000e+00 1.497272e+00 1.730241e+02 4.067701e+00 1.365797e+02 8.311800e+01 9.825327e-01
137 0.000000e+00 1.409991e+00 1.783232e+02 4.387201e+00 1.350593e+02 8.444424e+01 9.807039e-01
138 0.000000e+00 1.380617e+00 1.718228e+02 3.179574e+00 1.335790e+02 7.920382e+01 9.656731e-01
139 0.000000e+00 1.473480e+00 1.762263e+02 9.056700e+00 1.371201e+02 7.980173e+01 9.711277e-01
140 0.000000e+00 1.265857e+00 1.738387e+02 1.603882e+00 1.360102e+02 7.971509e+01 9.366212e-01
141 0.000000e+00 1.414373e+00 1.743488e+02 3.742637e+00 1.339004e+02 8.304616e+01 9.637534e-01
142 0.000000e+00 1.452344e+00 1.739162e+02 5.913313e+00 1.403009e+02 8.175384e+01 9.731996e-01
143 0.000000e+00 1.428368e+00 1.754544e+02 1.574785e+00 1.370767e+02 8.139901e+01 9.855720e-01
144 0.000000e+00 1.371167e+00 1.774449e+02 1.573323e-01 1.423148e+02 8.362764e+01 9.628979e-01
145 0.000000e+00 1.583646e+00 1.798270e+02 3.009884e-01 1.362129e+02 8.263897e+01 9.728298e-01
146 0.000000e+00 1.451623e+00 1.761949e+02 4.289992e+00 1.405945e+02 7.981664e+01 9.719758e-01
147 0.000000e+00 1.358054e+00 1.741350e+02 9.727823e-01 1.358141e+02 7.896029e+01 9.665644e-01
148 0.000000e+00 1.512072e+00 1.795509e+02 2.671781e+00 1.378206e+02 8.402632e+01 9.656438e-01
149 0.000000e+00 1.407921e+00 1.722373e+02 4.695574e+00 1.433100e+02 7.931233e+01 9.706956e-01
150 0.000000e+00 1.304823e+00 1.778250e+02 5.891894e+00 1.407094e+02 8.212074e+01 9.557557e-01
151 0.000000e+00 1.547516e+00 1.680976e+02 9.365938e+00 1.423999e+02 8.250032e+01 9.780480e-01
152 0.000000e+00 1.335804e+00 1.762230e+02 4.683723e+00 1.348955e+02 8.205304e+01 9.761452e-01
153 0.000000e+00 1.514355e+00 1.788679e+02 1.684340e-01 1.375309e+02 8.318991e+01 9.833517e-01
154 0.000000e+00 1.536476e+00 1.731581e+02 6.587969e+00 1.418980e+02 8.276822e+01 9.738410e-01
155 0.000000e+00 1.355736e+00 1.705785e+02 5.680754e-01 1.364816e+02 8.107286e+01 9.744605e-01
156 0.000000e+00 1.590619e+00 1.778290e+02 6.893697e-01 1.368075e+02 7.906577e+01 9.697334e-01
157 0.000000e+00 1.448399e+00 1.790496e+02 1.525638e+00 1.416340e+02 7.946203e+01 9.733548e-01
158 0.000000e+00 1.359317e+00 1.733623e+02 1.119280e+00 1.395020e+02 7.894030e+01 9.690277e-01
159 0.000000e+00 1.510178e+00 1.790843e+02 3.721473e-01 1.352431e+02 7.828446e+01 9.655760e-01
160 0.000000e+00 1.307840e+00 1.779973e+02 9.024726e-01 1.402473e+02 8.434607e+01 9.619379e-01
161 0.000000e+00 1.489125e+00 1.790456e+02 1.340745e+00 1.380305e+02 8.139418e+01 9.737916e-01
162 0.000000e+00 1.516610e+00 1.751159e+02 3.843709e+00 1.421289e+02 8.053733e+01 9.700096e-01
163 0.000000e+00 1.468767e+00 1.733354e+02 4.311344e+00 1.388806e+02 8.341693e+01 9.837843e-01
164 0.000000e+00 1.255313e+00 1.714184e+02 1.451119e+00 1.331663e+02 7.945335e+01 9.615474e-01
165 0.000000e+00 1.487701e+00 1.785315e+02 4.692701e+00 1.395397e+02 8.531523e+01 9.787886e-01
166 0.000000e+00 1.473968e+00 1.751969e+02 1.201125e+00 1.404086e+02 8.118658e+01 9.719243e-01
167 0.000000e+00 1.427896e+00 1.776879e+02 2.524090e-01 1.386209e+02 7.989925e+01 9.615181e-01
168 0.000000e+00 1.523876e+00 1.723567e+02 3.065264e+00 1.393798e+02 7.910898e+01 9.558123e-01
169 0.000000e+00 1.405005e+00 1.756002e+02 7.419481e-01 1.403747e+02 8.163555e+01 9.753380e-01
170 0.000000e+00 1.289666e+00 1.678076e+02 1.069835e+01 1.370069e+02 7.630734e+01 9.399110e-01
171 0.000000e+00 1.441551e+00 1.711686e+02 1.678408e+00 1.365835e+02 7.932208e+01 9.729280e-01
172 0.000000e+00 1.368846e+00 1.755669e+02 1.526656e-01 1.367097e+02 7.945376e+01 9.766901e-01
173 0.000000e+00 1.502597e+00 1.783243e+02 6.417251e+00 1.398240e+02 7.701742e+01 9.615766e-01
174 0.000000e+00 1.486842e+00 1.706940e+02 3.100682e+00 1.352008e+02 7.931086e+01 9.650356e-01
175 0.000000e+00 1.466372e+00 1.759143e+02 4.123375e+00 1.433477e+02 8.064660e+01 9.601634e-01
176 0.000000e+00 1.353898e+00 1.770430e+02 1.494791e+00 1.385718e+02 7.790854e+01 9.612207e-01
177 0.000000e+00 1.324384e+00 1.700450e+02 3.025558e+00 1.388280e+02 7.649285e+01 9.527891e-01
178 0.000000e+00 1.460773e+00 1.789712e+02 3.089092e-01 1.367835e+02 8.147989e+01 9.793915e-01
179 0.000000e+00 1.281206e+00 1.793744e+02 4.087185e+00 1.402358e+02 8.131853e+01 9.648880e-01
180 0.000000e+00 1.444791e+00 1.763626e+02 4.607605e+00 1.335576e+02 8.196203e+01 9.859458e-01
181 0.000000e+00 1.339816e+00 1.791598e+02 7.173602e+00 1.331088e+02 8.246624e+01 9.814942e-01
182 0.000000e+00 1.340875e+00 1.755338e+02 1.422391e+00 1.356515e+02 8.081315e+01 9.777638e-01
183 0.000000e+00 1.369925e+00 1.794716e+02 4.136751e+00 1.351337e+02 7.935045e+01 9.778681e-01
184 0.000000e+00 1.320248e+00 1.742962e+02 2.947047e+00 1.410350e+02 8.116243e+01 9.561163e-01
185 0.000000e+00 1.324785e+00 1.656422e+02 7.293772e+00 1.282384e+02 8.171396e+01 9.466235e-01
186 0.000000e+00 1.388170e+00 1.754970e+02 6.618186e+00 1.441874e+02 8.105971e+01 9.570276e-01
187 0.000000e+00 1.374668e+00 1.650693e+02 6.536482e+00 1.353259e+02 7.785335e+01 9.461280e-01
188 0.000000e+00 1.586960e+00 1.791937e+02 4.116250e+00 1.408625e+02 8.090362e+01 9.717384e-01
189 0.000000e+00 1.335996e+00 1.766790e+02 2.898084e+00 1.354074e+02 8.002859e+01 9.703358e-01
190 0.000000e+00 1.456290e+00 1.759283e+02 4.019734e+00 1.353062e+02 8.090653e+01 9.780570e-01
191 0.000000e+00 1.487385e+00 1.781346e+02 1.283665e+00 1.383025e+02 7.913292e+01 9.764620e-01
192 0.000000e+00 1.321065e+00 1.745820e+02 4.615401e+00 1.367795e+02 7.837106e+01 9.668616e-01
193 0.000000e+00 1.500182e+00 1.775498e+02 1.569115e+00 1.385831e+02 8.177620e+01 9.673360e-01
194 0.000000e+00 1.381783e+00 1.707870e+02 9.833074e-01 1.386760e+02 8.054880e+01 9.652112e-01
195 0.000000e+00 1.358982e+00 1.761089e+02 8.696458e+00 1.439044e+02 7.929265e+01 9.450412e-01
196 0.000000e+00 1.367056e+00 1.787903e+02 4.768919e+00 1.283599e+02 7.333069e+01 9.536321e-01
197 0.000000e+00 1.342509e+00 1.774515e+02 5.377386e+00 1.424808e+02 8.032067e+01 9.641027e-01
198 0.000000e+00 1.555029e+00 1.689472e+02 5.109520e+00 1.382431e+02 8.123568e+01 9.641101e-01
199 0.000000e+00 1.375182e+00 1.774911e+02 1.547222e+00 1.379028e+02 8.451501e+01 9.818076e-01
200 0.000000e+00 1.390724e+00 1.796110e+02 2.026639e+00 1.361871e+02 8.313880e+01 9.846284e-01
201 0.000000e+00 1.446870e+00 1.758406e+02 7.880383e+00 1.416414e+02 7.621900e+01 9.597861e-01
202 0.000000e+00 1.433082e+00 1.758457e+02 2.840613e+00 1.388817e+02 8.085073e+01 9.690807e-01
203 0.000000e+00 1.382970e+00 1.779751e+02 2.848709e-01 1.410122e+02 8.074604e+01 9.689207e-01
204 0.000000e+00 1.379605e+00 1.751307e+02 5.890546e+00 1.371161e+02 8.108256e+01 9.652935e-01
205 0.000000e+00 1.344384e+00 1.793760e+02 5.501325e+00 1.284957e+02 8.635123e+01 9.817938e-01
206 0.000000e+00 1.348213e+00 1.774238e+02 2.655690e+00 1.345824e+02 8.341497e+01 9.861360e-01
207 0.000000e+00 1.523000e+00 1.737883e+02 1.559113e+00 1.346118e+02 7.854075e+01 9.588459e-01
208 0.000000e+00 1.509648e+00 1.760591e+02 3.419107e+00 1.356673e+02 8.398722e+01 9.796608e-01
209 0.000000e+00 1.348588e+00 1.719119e+02 1.541648e-01 1.388814e+02 8.210686e+01 9.512297e-01
210 0.000000e+00 1.383887e+00 1.740147e+02 6.664921e+00 1.344370e+02 8.152425e+01 9.573782e-01
211 0.000000e+00 1.524692e+00 1.712040e+02 4.672784e-02 1.401678e+02 7.890123e+01 9.661712e-01
212 0.000000e+00 1.309202e+00 1.795270e+02 1.244899e+00 1.382015e+02 8.093245e+01 9.807498e-01
213 0.000000e+00 1.271218e+00 1.754755e+02 1.606571e+00 1.342328e+02 7.991885e+01 9.788969e-01
214 0.000000e+00 1.379770e+00 1.748533e+02 5.306612e+00 1.385642e+02 7.978030e+01 9.714616e-01
215 0.000000e+00 1.367687e+00 1.623963e+02 9.311969e+00 1.338166e+02 7.806255e+01 9.481366e-01
216 0.000000e+00 1.450042e+00 1.761788e+02 3.066173e+00 1.362177e+02 7.808364e+01 9.736792e-01
217 0.000000e+00 1.315313e+00 1.680690e+02 1.137983e+01 1.344505e+02 7.906914e+01 9.546858e-01
218 0.000000e+00 1.416747e+00 1.701464e+02 9.425188e-01 1.438316e+02 8.048854e+01 9.527007e-01
219 0.000000e+00 1.506614e+00 1.788902e+02 1.176160e-01 1.386245e+02 7.789011e+01 9.554031e-01
220 0.000000e+00 1.418396e+00 1.745566e+02 5.385515e+00 1.398816e+02 8.537211e+01 9.806647e-01
221 0.000000e+00 1.385123e+00 1.764969e+02 6.737260e-01 1.342004e+02 8.105727e+01 9.719170e-01
222 0.000000e+00 1.197350e+00 1.747763e+02 4.917836e-01 1.335997e+02 8.207667e+01 9.663427e-01
223 0.000000e+00 1.419150e+00 1.784083e+02 8.512195e-01 1.419778e+02 8.429266e+01 9.671077e-01
224 0.000000e+00 1.436379e+00 1.727140e+02 4.585900e+00 1.337573e+02 8.466143e+01 9.812765e-01
225 0.000000e+00 1.454032e+00 1.775267e+02 1.953249e+00 1.397759e+02 8.241193e+01 9.749544e-01
226 0.000000e+00 1.419084e+00 1.778099e+02 1.413189e-01 1.357538e+02 7.849903e+01 9.701870e-01
227 0.000000e+00 1.386650e+00 1.700744e+02 4.075385e+00 1.353891e+02 8.197516e+01 9.764035e-01
228 0.000000e+00 1.424920e+00 1.673077e+02 5.169707e+00 1.297091e+02 7.944432e+01 9.634130e-01
229 0.000000e+00 1.430596e+00 1.739431e+02 2.612351e+00 1.302913e+02 8.355518e+01 9.799456e-01
230 0.000000e+00 1.462577e+00 1.730897e+02 3.460999e+00 1.410413e+02 8.106277e+01 9.733393e-01
231 0.000000e+00 1.468619e+00 1.757540e+02 2.257220e+00 1.399615e+02 8.352291e+01 9.804877e-01
232 0.000000e+00 1.451432e+00 1.794088e+02 2.586888e+00 1.386527e+02 8.005089e+01 9.797752e-01
233 0.000000e+00 1.527765e+00 1.752601e+02 5.229916e+00 1.429585e+02 7.840749e+01 9.519504e-01
234 0.000000e+00 1.461074e+00 1.756094e+02 5.316537e-01 1.321550e+02 7.973894e+01 9.686997e-01
235 0.000000e+00 1.355933e+00 1.692395e+02 7.348627e+00 1.394180e+02 8.063916e+01 9.445460e-01
236 0.000000e+00 1.467993e+00 1.798968e+02 3.797690e+00 1.344466e+02 7.703491e+01 9.720833e-01
237 0.000000e+00 1.279756e+00 1.741691e+02 1.671942e+00 1.338567e+02 8.074440e+01 9.710702e-01
238 0.000000e+00 1.310677e+00 1.789665e+02 2.312920e+00 1.391679e+02 8.109195e+01 9.674504e-01
239 0.000000e+00 1.255325e+00 1.777432e+02 5.433456e+00 1.369387e+02 8.321802e+01 9.798466e-01
240 0.000000e+00 1.493428e+00 1.787092e+02 6.677160e+00 1.443068e+02 8.484010e+01 9.628273e-01
241 0.000000e+00 1.422032e+00 1.784434e+02 2.381826e+00 1.352699e+02 8.309502e+01 9.670714e-01
242 0.000000e+00 1.348651e+00 1.684780e+02 1.284283e+00 1.309787e+02 7.969855e+01 9.591504e-01
243 0.000000e+00 1.478041e+00 1.749899e+02 3.171188e+00 1.390943e+02 8.084253e+01 9.737590e-01
244 0.000000e+00 1.310354e+00 1.779319e+02 5.595635e+00 1.305909e+02 8.277431e+01 9.740927e-01
245 0.000000e+00 1.431109e+00 1.788573e+02 2.296954e+00 1.337576e+02 7.895623e+01 9.696766e-01
246 0.000000e+00 1.503327e+00 1.641531e+02 1.174844e+01 1.423100e+02 7.793397e+01 9.452323e-01
247 0.000000e+00 1.416995e+00 1.682282e+02 3.755656e+00 1.344418e+02 7.831413e+01 9.681869e-01
248 0.000000e+00 1.471808e+00 1.752587e+02 3.458022e+00 1.400770e+02 8.252951e+01 9.786491e-01
249 0.000000e+00 1.443565e+00 1.733454e+02 6.058739e+00 1.319043e+02 8.187471e+01 9.772365e-01
250 0.000000e+00 1.418134e+00 1.776494e+02 9.076628e+00 1.320338e+02 7.961907e+01 9.790576e-01
251 0.000000e+00 1.363148e+00 1.751785e+02 1.917666e+00 1.365606e+02 7.669694e+01 9.706566e-01
252 0.000000e+00 1.566417e+00 1.763473e+02 1.152435e+00 1.383642e+02 7.757235e+01 9.698043e-01
253 0.000000e+00 1.521731e+00 1.790537e+02 1.949528e+00 1.453585e+02 8.185790e+01 9.536360e-01
254 0.000000e+00 1.372674e+00 1.693346e+02 1.478469e-01 1.409477e+02 7.823689e+01 9.650828e-01
255 0.000000e+00 1.362806e+00 1.714975e+02 8.676045e-01 1.412143e+02 7.884538e+01 9.634564e-01
256 0.000000e+00 1.429117e+00 1.654982e+02 4.958059e+00 1.370872e+02 7.856721e+01 9.673480e-01
257 0.000000e+00 1.471441e+00 1.779444e+02 8.789300e-01 1.397727e+02 8.290875e+01 9.810914e-01
258 0.000000e+00 1.553387e+00 1.729393e+02 4.480221e+00 1.396698e+02 8.049380e+01 9.775908e-01
259 0.000000e+00 1.433544e+00 1.740007e+02 1.498931e+00 1.349756e+02 8.181182e+01 9.839884e-01
260 0.000000e+00 1.342876e+00 1.789769e+02 3.647368e+00 1.310470e+02 7.880032e+01 9.683920e-01
261 0.000000e+00 1.402224e+00 1.748558e+02 1.069356e-01 1.405608e+02 8.133887e+01 9.763033e-01
262 0.000000e+00 1.381321e+00 1.711059e+02 3.307295e+00 1.412952e+02 7.370063e+01 9.502217e-01
263 0.000000e+00 1.429762e+00 1.735663e+02 1.141479e+00 1.389621e+02 7.870200e+01 9.774938e-01
264 0.000000e+00 1.481004e+00 1.626721e+02 8.809055e+00 1.350504e+02 7.979305e+01 9.585197e-01
265 0.000000e+00 1.436753e+00 1.796067e+02 6.012234e-01 1.396765e+02 8.068148e+01 9.741621e-01
266 0.000000e+00 1.412118e+00 1.777243e+02 5.959039e+00 1.395765e+02 8.215296e+01 9.614630e-01
267 0.000000e+00 1.410602e+00 1.688026e+02 2.110496e+00 1.329098e+02 7.882869e+01 9.577911e-01
268 0.000000e+00 1.491374e+00 1.775697e+02 1.513279e+00 1.438233e+02 8.571764e+01 9.703942e-01
269 0.000000e+00 1.377436e+00 1.737698e+02 9.851907e+00 1.333942e+02 8.072324e+01 9.602567e-01
270 0.000000e+00 1.446406e+00 1.778575e+02 1.646864e-01 1.388537e+02 7.712023e+01 9.674288e-01
271 0.000000e+00 1.446780e+00 1.775967e+02 1.007721e+00 1.357334e+02 7.922970e+01 9.789169e-01
272 0.000000e+00 1.449853e+00 1.793828e+02 2.880347e+00 1.354353e+02 8.364791e+01 9.829283e-01
273 0.000000e+00 1.468933e+00 1.753343e+02 3.869869e+00 1.396569e+02 8.370030e+01 9.695629e-01
274 0.000000e+00 1.508830e+00 1.781565e+02 4.685801e+00 1.399062e+02 7.805911e+01 9.626899e-01
275 0.000000e+00 1.350183e+00 1.734917e+02 6.020168e+00 1.364314e+02 7.903126e+01 9.731057e-01
276 0.000000e+00 1.465032e+00 1.793214e+02 7.414803e+00 1.377384e+02 7.816143e+01 9.715228e-01
277 0.000000e+00 1.411641e+00 1.768561e+02 4.362901e+00 1.410635e+02 8.113968e+01 9.700003e-01
278 0.000000e+00 1.381597e+00 1.748899e+02 4.420736e+00 1.323096e+02 8.049384e+01 9.731387e-01
279 0.000000e+00 1.533700e+00 1.662113e+02 9.865684e+00 1.459797e+02 7.815095e+01 9.504461e-01
280 0.000000e+00 1.356260e+00 1.783326e+02 3.451138e+00 1.346370e+02 8.177559e+01 9.799833e-01
281 0.000000e+00 1.575145e+00 1.775501e+02 2.654002e+00 1.378892e+02 7.913299e+01 9.758050e-01
282 0.000000e+00 1.404732e+00 1.778222e+02 3.899245e+00 1.367821e+02 8.223274e+01 9.606068e-01
283 0.000000e+00 1.582032e+00 1.714628e+02 4.936263e+00 1.359263e+02 8.086246e+01 9.625578e-01
284 0.000000e+00 1.486260e+00 1.709294e+02 6.682597e+00 1.357109e+02 8.319235e+01 9.683812e-01
285 0.000000e+00 1.391197e+00 1.746849e+02 4.766363e+00 1.419359e+02 8.069768e+01 9.688928e-01
286 0.000000e+00 1.445942e+00 1.783155e+02 3.663721e+00 1.416518e+02 8.337229e+01 9.631050e-01
287 0.000000e+00 1.475418e+00 1.705590e+02 5.850462e+00 1.376565e+02 8.122821e+01 9.847367e-01
288 0.000000e+00 1.476239e+00 1.745238e+02 2.505639e+00 1.348913e+02 8.443375e+01 9.824236e-01
289 0.000000e+00 1.451919e+00 1.710772e+02 3.689793e+00 1.373738e+02 7.946988e+01 9.662043e-01
290 0.000000e+00 1.495526e+00 1.715959e+02 3.934055e+00 1.434473e+02 8.087969e+01 9.546009e-01
291 0.000000e+00 1.347803e+00 1.692614e+02 3.555446e+00 1.373320e+02 7.959593e+01 9.711137e-01
292 0.000000e+00 1.375746e+00 1.744716e+02 2.441711e+00 1.345717e+02 8.502704e+01 9.871540e-01
293 0.000000e+00 1.433003e+00 1.680412e+02 5.217993e+00 1.366838e+02 8.035196e+01 9.718588e-01
294 0.000000e+00 1.392243e+00 1.777075e+02 5.813173e+00 1.315690e+02 8.090535e+01 9.668208e-01
295 0.000000e+00 1.474333e+00 1.756920e+02 3.733320e+00 1.367979e+02 7.711732e+01 9.711637e-01
296 0.000000e+00 1.526684e+00 1.685924e+02 1.498996e+00 1.381212e+02 7.824749e+01 9.302463e-01
297 0.000000e+00 1.388627e+00 1.749930e+02 7.355638e-01 1.414049e+02 8.370981e+01 9.561992e-01
298 0.000000e+00 1.363313e+00 1.767240e+02 2.250870e+00 1.356000e+02 8.009901e+01 9.696390e-01
299 0.000000e+00 1.539156e+00 1.731179e+02 2.376124e+00 1.383615e+02 8.119032e+01 9.808212e-01
300 0.000000e+00 1.433327e+00 1.770095e+02 2.490386e+00 1.311948e+02 8.343957e+01 9.713216e-01
301 0.000000e+00 1.369256e+00 1.792290e+02 1.648060e+00 1.338379e+02 7.939725e+01 9.769460e-01
302 0.000000e+00 1.362331e+00 1.777392e+02 1.570797e+00 1.346986e+02 8.262816e+01 9.807591e-01
303 0.000000e+00 1.430831e+00 1.718138e+02 8.077658e+00 1.446982e+02 7.937074e+01 9.612836e-01
304 0.000000e+00 1.472120e+00 1.684980e+02 3.888425e+00 1.341633e+02 8.222746e+01 9.772870e-01
305 0.000000e+00 1.429886e+00 1.682081e+02 3.903569e+00 1.413500e+02 7.771186e+01 9.695211e-01
306 0.000000e+00 1.356603e+00 1.781433e+02 6.864129e+00 1.322207e+02 7.711585e+01 9.664248e-01
307 0.000000e+00 1.417481e+00 1.744221e+02 2.234305e+00 1.342802e+02 8.181778e+01 9.802285e-01
308 0.000000e+00 1.383131e+00 1.725073e+02 2.690183e+00 1.335993e+02 8.128818e+01 9.693643e-01
309 0.000000e+00 1.567567e+00 1.744991e+02 6.483379e+00 1.423932e+02 8.093735e+01 9.691829e-01
310 0.000000e+00 1.436329e+00 1.781358e+02 2.288354e-02 1.421584e+02 8.141291e+01 9.673686e-01
311 0.000000e+00 1.490410e+00 1.713193e+02 9.610860e+00 1.460520e+02 8.207750e+01 9.707614e-01
312 0.000000e+00 1.496232e+00 1.700617e+02 9.544284e+00 1.404926e+02 8.145757e+01 9.686058e-01
313 0.000000e+00 1.514177e+00 1.761836e+02 4.859885e-02 1.383229e+02 7.797924e+01 9.612873e-01
314 0.000000e+00 1.510496e+00 1.791044e+02 4.223163e+00 1.405452e+02 8.196498e+01 9.798665e-01
315 0.000000e+00 1.442520e+00 1.779131e+02 2.206711e+00 1.366101e+02 8.133944e+01 9.680501e-01
316 0.000000e+00 1.456223e+00 1.703068e+02 7.405973e+00 1.400280e+02 8.216824e+01 9.671735e-01
317 0.000000e+00 1.473832e+00 1.767897e+02 1.094852e+00 1.348224e+02 8.255156e+01 9.724996e-01
318 0.000000e+00 1.413573e+00 1.784445e+02 6.826787e-01 1.411288e+02 7.613427e+01 9.627947e-01
319 0.000000e+00 1.382229e+00 1.628127e+02 8.187598e+00 1.383564e+02 7.870049e+01 9.712426e-01
320 0.000000e+00 1.355658e+00 1.755790e+02 6.170063e-01 1.336183e+02 8.189886e+01 9.741352e-01
321 0.000000e+00 1.455295e+00 1.624506e+02 1.203853e+01 1.380350e+02 8.022510e+01 9.592931e-01
322 0.000000e+00 1.416408e+00 1.764286e+02 8.847889e-01 1.320765e+02 8.116361e+01 9.708230e-01
323 0.000000e+00 1.389702e+00 1.656424e+02 7.103569e+00 1.401457e+02 7.716853e+01 9.372476e-01
324 0.000000e+00 1.659572e+00 1.790602e+02 4.778549e+00 1.409165e+02 7.837056e+01 9.635651e-01
325 0.000000e+00 1.225448e+00 1.757917e+02 9.787551e+00 1.279316e+02 7.575100e+01 9.492071e-01
326 0.000000e+00 1.527500e+00 1.765666e+02 3.345935e+00 1.346934e+02 8.108756e+01 9.694857e-01
327 0.000000e+00 1.612816e+00 1.722937e+02 6.921178e-02 1.425353e+02 8.423075e+01 9.622984e-01
328 0.000000e+00 1.434875e+00 1.623274e+02 9.170769e+00 1.438223e+02 7.274885e+01 9.420271e-01
329 0.000000e+00 1.478524e+00 1.647803e+02 1.006510e+01 1.421445e+02 7.947242e+01 9.589074e-01
330 0.000000e+00 1.442619e+00 1.752961e+02 4.804022e+00 1.389920e+02 8.018879e+01 9.770338e-01
331 0.000000e+00 1.374927e+00 1.715122e+02 1.093484e+00 1.342986e+02 7.560124e+01 9.632476e-01
332 0.000000e+00 1.457765e+00 1.746486e+02 9.164263e-01 1.381145e+02 8.438310e+01 9.851149e-01
333 0.000000e+00 1.419781e+00 1.781147e+02 7.667804e+00 1.291030e+02 8.119618e+01 9.712287e-01
334 0.000000e+00 1.457257e+00 1.761292e+02 1.303726e+00 1.385215e+02 8.500105e+01 9.785786e-01
335 0.000000e+00 1.430242e+00 1.711206e+02 7.266539e+00 1.359460e+02 8.128338e+01 9.679045e-01
336 0.000000e+00 1.322019e+00 1.798106e+02 2.075591e+00 1.350379e+02 7.500166e+01 9.649767e-01
337 0.000000e+00 1.459535e+00 1.759439e+02 1.809589e+00 1.380267e+02 8.366190e+01 9.774948e-01
338 0.000000e+00 1.348703e+00 1.784689e+02 2.766467e-01 1.408159e+02 8.009155e+01 9.611106e-01
339 0.000000e+00 1.314469e+00 1.749366e+02 4.401147e+00 1.327413e+02 8.501093e+01 9.870450e-01
340 0.000000e+00 1.518901e+00 1.723197e+02 3.620627e-01 1.376125e+02 7.980265e+01 9.614754e-01
341 0.000000e+00 1.511204e+00 1.666908e+02 9.352875e+00 1.442494e+02 7.991054e+01 9.524809e-01
342 0.000000e+00 1.392700e+00 1.701067e+02 8.496184e+00 1.337403e+02 8.333777e+01 9.665973e-01
343 0.000000e+00 1.409523e+00 1.698281e+02 4.668565e+00 1.349592e+02 8.264143e+01 9.736459e-01
344 0.000000e+00 1.323313e+00 1.707070e+02 4.341805e-01 1.365232e+02 7.790941e+01 9.708427e-01
345 0.000000e+00 1.450249e+00 1.779604e+02 4.557871e+00 1.413652e+02 8.428420e+01 9.709728e-01
346 0.000000e+00 1.474280e+00 1.777545e+02 4.347539e-02 1.388458e+02 7.777837e+01 9.645971e-01
347 0.000000e+00 1.502127e+00 1.718624e+02 2.015063e+00 1.382606e+02 7.965127e+01 9.785762e-01
348 0.000000e+00 1.461625e+00 1.793630e+02 4.442045e+00 1.406037e+02 8.089862e+01 9.700546e-01
349 0.000000e+00 1.444014e+00 1.774702e+02 6.609057e+00 1.363560e+02 7.941002e+01 9.626097e-01
350 0.000000e+00 1.442802e+00 1.752452e+02 3.991033e+00 1.357854e+02 8.575448e+01 9.904776e-01
351 0.000000e+00 1.595900e+00 1.765808e+02 1.603421e+00 1.435883e+02 7.951748e+01 9.531917e-01
352 0.000000e+00 1.445433e+00 1.783176e+02 1.965950e+00 1.354935e+02 8.359729e+01 9.852242e-01
353 0.000000e+00 1.416395e+00 1.738955e+02 2.795078e+00 1.378813e+02 8.144307e+01 9.753441e-01
354 0.000000e+00 1.492706e+00 1.776385e+02 4.403553e-01 1.329505e+02 8.259925e+01 9.760772e-01
355 0.000000e+00 1.490750e+00 1.752036e+02 5.829018e+00 1.365152e+02 8.055414e+01 9.698383e-01
356 0.000000e+00 1.430132e+00 1.654990e+02 3.433023e+00 1.414826e+02 7.811889e+01 9.651773e-01
357 0.000000e+00 1.496122e+00 1.705506e+02 7.682495e-01 1.380982e+02 7.711392e+01 9.613197e-01
358 0.000000e+00 1.380279e+00 1.732916e+02 4.579519e-01 1.352709e+02 7.808691e+01 9.702903e-01
359 0.000000e+00 1.490115e+00 1.768160e+02 1.952710e+00 1.436597e+02 7.725907e+01 9.610383e-01
360 0.000000e+00 1.378307e+00 1.660722e+02 4.391444e+00 1.324692e+02 7.937312e+01 9.745591e-01
361 0.000000e+00 1.444168e+00 1.760597e+02 6.729478e-01 1.378291e+02 7.956050e+01 9.852670e-01
362 0.000000e+00 1.624511e+00 1.740093e+02 6.616000e+00 1.439862e+02 8.090269e+01 9.653440e-01
363 0.000000e+00 1.455787e+00 1.746908e+02 1.820713e+00 1.360829e+02 7.926035e+01 9.667328e-01
364 0.000000e+00 1.464073e+00 1.676856e+02 3.589885e+00 1.358266e+02 8.129738e+01 9.645634e-01
365 0.000000e+00 1.407534e+00 1.751767e+02 1.732684e+00 1.339502e+02 8.368639e+01 9.808354e-01
366 0.000000e+00 1.435531e+00 1.741454e+02 4.021700e+00 1.382129e+02 8.023404e+01 9.571494e-01
367 0.000000e+00 1.403760e+00 1.773740e+02 3.455214e+00 1.415155e+02 8.352860e+01 9.572392e-01
368 0.000000e+00 1.383451e+00 1.659757e+02 6.392871e+00 1.298986e+02 8.182641e+01 9.689391e-01
369 0.000000e+00 1.448496e+00 1.710566e+02 5.980110e+00 1.399041e+02 8.387212e+01 9.754162e-01
370 0.000000e+00 1.473027e+00 1.763179e+02 4.748677e+00 1.400181e+02 8.274200e+01 9.684041e-01
371 0.000000e+00 1.460610e+00 1.722388e+02 4.382017e+00 1.395412e+02 8.252608e+01 9.713151e-01
372 0.000000e+00 1.531068e+00 1.792896e+02 9.454582e-01 1.346499e+02 8.213241e+01 9.826244e-01
373 0.000000e+00 1.495555e+00 1.772579e+02 2.811586e+00 1.341920e+02 8.240055e+01 9.795225e-01
374 0.000000e+00 1.428234e+00 1.732690e+02 1.018198e+01 1.328622e+02 8.403343e+01 9.777985e-01
375 0.000000e+00 1.482659e+00 1.773274e+02 1.868743e-01 1.390076e+02 7.758232e+01 9.736355e-01
376 0.000000e+00 1.498801e+00 1.763436e+02 5.639125e+00 1.459854e+02 7.498891e+01 9.360326e-01
377 0.000000e+00 1.276059e+00 1.796954e+02 2.633649e+00 1.334342e+02 7.318205e+01 9.411963e-01
378 0.000000e+00 1.345979e+00 1.766152e+02 1.613830e+00 1.343788e+02 8.098665e+01 9.696015e-01
379 0.000000e+00 1.395840e+00 1.755012e+02 3.398349e+00 1.341332e+02 8.166983e+01 9.857815e-01
380 0.000000e+00 1.452824e+00 1.797145e+02 1.276081e-01 1.423332e+02 8.228982e+01 9.689085e-01
381 0.000000e+00 1.431026e+00 1.788239e+02 2.651406e+00 1.404810e+02 8.503100e+01 9.787532e-01
382 0.000000e+00 1.301022e+00 1.796786e+02 3.084693e+00 1.385042e+02 7.930508e+01 9.658278e-01
383 0.000000e+00 1.562769e+00 1.714890e+02 3.606691e+00 1.377572e+02 7.310892e+01 9.534820e-01
384 0.000000e+00 1.443501e+00 1.731510e+02 4.992248e+00 1.412684e+02 8.084045e+01 9.622903e-01
385 0.000000e+00 1.428484e+00 1.772562e+02 7.274232e-04 1.416893e+02 7.807113e+01 9.699677e-01
386 0.000000e+00 1.358968e+00 1.769342e+02 2.144141e+00 1.363706e+02 8.226583e+01 9.756972e-01
387 0.000000e+00 1.387723e+00 1.790608e+02 3.154148e+00 1.304040e+02 7.920453e+01 9.721271e-01
388 0.000000e+00 1.627629e+00 1.753614e+02 1.252617e+00 1.355005e+02 7.924748e+01 9.577807e-01
389 0.000000e+00 1.425068e+00 1.708151e+02 7.665339e+00 1.348732e+02 7.969671e+01 9.679739e-01
390 0.000000e+00 1.593395e+00 1.765436e+02 3.161426e+00 1.338506e+02 8.129766e+01 9.750644e-01
391 0.000000e+00 1.379411e+00 1.767204e+02 3.692668e+00 1.342379e+02 7.963465e+01 9.697024e-01
392 0.000000e+00 1.302254e+00 1.723628e+02 8.437170e+00 1.400906e+02 7.518397e+01 9.421976e-01
393 0.000000e+00 1.367523e+00 1.764961e+02 5.707398e+00 1.371499e+02 8.234612e+01 9.806208e-01
394 0.000000e+00 1.347178e+00 1.786588e+02 4.799352e+00 1.332722e+02 7.712722e+01 9.450612e-01
395 0.000000e+00 1.264452e+00 1.769418e+02 3.348098e+00 1.351282e+02 7.864080e+01 9.678480e-01
396 0.000000e+00 1.336540e+00 1.789389e+02 2.706387e-01 1.370047e+02 8.362647e+01 9.739883e-01
397 0.000000e+00 1.366881e+00 1.707437e+02 6.899161e+00 1.351671e+02 8.094674e+01 9.791529e-01
398 0.000000e+00 1.427441e+00 1.776065e+02 1.751207e+00 1.377192e+02 7.573586e+01 9.588622e-01
399 0.000000e+00 1.377768e+00 1.738297e+02 2.693466e+00 1.319638e+02 8.054970e+01 9.746030e-01
400 0.000000e+00 1.406915e+00 1.726657e+02 2.373693e+00 1.366732e+02 8.109272e+01 9.679362e-01
401 0.000000e+00 1.466059e+00 1.787739e+02 3.736258e+00 1.413696e+02 8.141809e+01 9.812323e-01
402 0.000000e+00 1.264954e+00 1.753114e+02 2.900853e-01 1.364641e+02 7.798483e+01 9.745659e-01
403 0.000000e+00 1.354154e+00 1.763445e+02 3.379184e+00 1.412499e+02 7.446202e+01 9.483504e-01
404 0.000000e+00 1.493918e+00 1.763733e+02 1.137291e+00 1.402155e+02 8.235695e+01 9.771515e-01
405 0.000000e+00 1.424898e+00 1.694922e+02 1.588343e+00 1.424271e+02 7.988253e+01 9.641238e-01
406 0.000000e+00 1.594075e+00 1.730029e+02 9.207743e-02 1.423860e+02 8.212496e+01 9.623311e-01
407 0.000000e+00 1.401301e+00 1.611473e+02 9.159505e+00 1.336302e+02 7.896810e+01 9.557781e-01
408 0.000000e+00 1.419450e+00 1.791471e+02 4.647093e+00 1.343229e+02 7.826189e+01 9.692850e-01
409 0.000000e+00 1.367239e+00 1.749855e+02 5.732607e+00 1.348464e+02 8.441057e+01 9.737410e-01
410 0.000000e+00 1.356537e+00 1.682497e+02 4.277441e+00 1.372705e+02 8.147831e+01 9.711862e-01
411 0.000000e+00 1.314797e+00 1.724402e+02 2.502184e+00 1.416437e+02 7.836966e+01 9.616370e-01
412 0.000000e+00 1.522612e+00 1.765944e+02 6.431247e+00 1.428385e+02 7.553866e+01 9.568454e-01
413 0.000000e+00 1.538377e+00 1.760150e+02 6.386392e+00 1.411019e+02 8.208002e+01 9.479798e-01
414 0.000000e+00 1.471341e+00 1.777217e+02 9.099866e-01 1.373552e+02 7.692030e+01 9.659916e-01
415 0.000000e+00 1.180009e+00 1.701332e+02 1.058027e+01 1.284499e+02 8.106116e+01 9.500570e-01
416 0.000000e+00 1.250538e+00 1.768737e+02 1.281675e+00 1.353126e+02 8.376921e+01 9.743636e-01
417 0.000000e+00 1.251658e+00 1.712422e+02 2.629937e+00 1.378073e+02 7.955074e+01 9.669222e-01
418 0.000000e+00 1.295206e+00 1.796126e+02 5.225904e+00 1.394038e+02 8.252788e+01 9.770819e-01
419 0.000000e+00 1.359404e+00 1.768094e+02 2.661956e-01 1.342866e+02 8.387575e+01 9.731543e-01
420 0.000000e+00 1.485423e+00 1.765570e+02 1.126898e+00 1.344875e+02 7.856419e+01 9.591253e-01
421 0.000000e+00 1.395427e+00 1.782904e+02 7.533597e-01 1.387248e+02 8.385483e+01 9.759684e-01
422 0.000000e+00 1.430802e+00 1.728205e+02 1.068235e+01 1.403778e+02 8.249175e+01 9.741989e-01
423 0.000000e+00 1.455791e+00 1.657608e+02 7.052235e+00 1.416602e+02 8.142399e+01 9.626069e-01
424 0.000000e+00 1.481487e+00 1.785353e+02 4.151825e+00 1.385731e+02 8.011958e+01 9.613891e-01
425 0.000000e+00 1.455316e+00 1.752730e+02 5.899416e+00 1.360000e+02 7.908489e+01 9.812838e-01
426 0.000000e+00 1.490506e+00 1.697502e+02 9.211421e+00 1.442161e+02 8.508045e+01 9.815929e-01
427 0.000000e+00 1.318775e+00 1.772420e+02 5.786167e-01 1.398149e+02 8.288503e+01 9.802066e-01
428 0.000000e+00 1.478884e+00 1.757763e+02 7.268258e-01 1.392699e+02 7.768314e+01 9.694025e-01
429 0.000000e+00 1.434372e+00 1.717746e+02 7.217176e+00 1.402062e+02 8.127186e+01 9.649309e-01
430 0.000000e+00 1.446347e+00 1.664697e+02 7.264536e+00 1.319279e+02 8.170641e+01 9.661030e-01
431 0.000000e+00 1.431998e+00 1.743756e+02 5.561063e+00 1.397815e+02 7.361016e+01 9.654975e-01
432 0.000000e+00 1.462406e+00 1.719573e+02 8.228866e-01 1.368917e+02 7.758360e+01 9.648879e-01
433 0.000000e+00 1.491907e+00 1.686961e+02 5.126684e+00 1.412594e+02 7.540637e+01 9.552930e-01
434 0.000000e+00 1.291269e+00 1.779346e+02 1.933925e+00 1.336549e+02 8.323372e+01 9.721760e-01
435 0.000000e+00 1.364255e+00 1.623740e+02 9.312256e+00 1.431630e+02 7.943207e+01 9.479406e-01
436 0.000000e+00 1.428675e+00 1.772068e+02 1.234941e-01 1.422467e+02 7.711198e+01 9.358377e-01
437 0.000000e+00 1.457208e+00 1.737812e+02 5.389419e+00 1.365049e+02 8.068229e+01 9.847320e-01
438 0.000000e+00 1.465153e+00 1.761074e+02 4.395156e+00 1.342940e+02 8.294764e+01 9.836696e-01
439 0.000000e+00 1.436125e+00 1.795591e+02 2.004957e+00 1.407864e+02 8.308271e+01 9.800259e-01
440 0.000000e+00 1.457423e+00 1.780598e+02 5.048022e+00 1.383213e+02 8.342386e+01 9.864014e-01
441 0.000000e+00 1.541454e+00 1.790460e+02 5.474676e+00 1.427755e+02 8.305996e+01 9.736845e-01
442 0.000000e+00 1.432361e+00 1.793353e+02 7.366294e+00 1.370408e+02 7.553975e+01 9.663191e-01
443 0.000000e+00 1.354216e+00 1.744765e+02 1.899088e+00 1.399743e+02 7.823511e+01 9.761483e-01
444 0.000000e+00 1.512046e+00 1.723138e+02 9.032256e+00 1.397751e+02 8.081268e+01 9.561582e-01
445 0.000000e+00 1.382792e+00 1.773201e+02 4.398037e+00 1.422876e+02 8.307732e+01 9.719305e-01
446 0.000000e+00 1.424579e+00 1.701802e+02 8.919552e+00 1.363801e+02 8.326715e+01 9.668026e-01
447 0.000000e+00 1.356462e+00 1.738123e+02 3.913054e+00 1.363831e+02 8.117196e+01 9.629758e-01
448 0.000000e+00 1.535512e+00 1.714491e+02 9.266855e+00 1.458051e+02 8.064464e+01 9.479456e-01
449 0.000000e+00 1.332231e+00 1.738153e+02 4.270511e+00 1.350571e+02 8.093640e+01 9.748856e-01
450 0.000000e+00 1.407480e+00 1.704964e+02 5.660089e+00 1.408338e+02 7.807729e+01 9.668325e-01
451 0.000000e+00 1.481849e+00 1.740928e+02 2.710083e+00 1.386717e+02 8.397046e+01 9.764194e-01
452 0.000000e+00 1.388934e+00 1.685918e+02 2.593739e+00 1.375598e+02 7.995953e+01 9.720558e-01
453 0.000000e+00 1.411538e+00 1.732362e+02 1.091831e+01 1.425677e+02 8.114539e+01 9.532555e-01
454 0.000000e+00 1.466739e+00 1.731507e+02 8.465339e+00 1.436285e+02 7.548676e+01 9.551380e-01
455 0.000000e+00 1.523982e+00 1.797268e+02 6.195432e-01 1.329977e+02 8.469653e+01 9.691743e-01
456 0.000000e+00 1.321305e+00 1.793105e+02 7.471520e-01 1.333063e+02 7.651924e+01 9.641391e-01
457 0.000000e+00 1.473552e+00 1.769785e+02 2.286200e+00 1.367514e+02 7.935991e+01 9.673808e-01
458 0.000000e+00 1.413169e+00 1.736972e+02 4.100205e+00 1.387488e+02 8.412380e+01 9.741464e-01
459 0.000000e+00 1.501313e+00 1.765100e+02 5.935194e+00 1.337814e+02 8.288425e+01 9.706964e-01
460 0.000000e+00 1.313697e+00 1.742537e+02 5.065725e+00 1.319485e+02 8.261703e+01 9.726888e-01
461 0.000000e+00 1.382460e+00 1.760542e+02 6.135411e-01 1.397623e+02 7.888388e+01 9.558286e-01
462 0.000000e+00 1.454023e+00 1.705408e+02 1.511431e+00 1.360774e+02 8.115289e+01 9.673178e-01
463 0.000000e+00 1.325927e+00 1.681373e+02 4.744738e+00 1.387162e+02 7.961342e+01 9.634348e-01
464 0.000000e+00 1.501809e+00 1.746925e+02 5.684406e+00 1.417143e+02 8.117021e+01 9.654247e-01
465 0.000000e+00 1.485337e+00 1.763287e+02 3.143394e+00 1.368344e+02 7.471118e+01 9.724272e-01
466 0.000000e+00 1.458903e+00 1.797754e+02 4.035202e+00 1.401400e+02 8.432499e+01 9.748665e-01
467 0.000000e+00 1.380719e+00 1.643738e+02 2.588775e+00 1.387283e+02 8.110948e+01 9.457426e-01
468 0.000000e+00 1.333940e+00 1.628830e+02 7.727637e+00 1.319115e+02 7.805062e+01 9.508372e-01
469 0.000000e+00 1.292390e+00 1.738678e+02 3.288859e+00 1.354515e+02 7.955614e+01 9.674497e-01
470 0.000000e+00 1.396568e+00 1.782865e+02 4.594115e-01 1.402900e+02 8.407686e+01 9.766291e-01
471 0.000000e+00 1.369169e+00 1.713297e+02 4.158121e+00 1.373993e+02 8.168188e+01 9.784339e-01
472 0.000000e+00 1.343246e+00 1.772162e+02 3.284517e+00 1.357700e+02 8.005318e+01 9.708069e-01
473 0.000000e+00 1.304383e+00 1.771007e+02 2.775606e-01 1.314251e+02 8.290441e+01 9.766639e-01
474 0.000000e+00 1.422450e+00 1.766155e+02 1.130809e+00 1.365585e+02 7.645975e+01 9.674423e-01
475 0.000000e+00 1.310825e+00 1.784431e+02 5.526646e+00 1.382265e+02 8.260072e+01 9.615658e-01
476 0.000000e+00 1.413835e+00 1.779195e+02 3.989586e+00 1.440061e+02 7.750654e+01 9.594307e-01
477 0.000000e+00 1.477575e+00 1.770824e+02 2.453190e+00 1.367425e+02 8.531044e+01 9.817205e-01
478 0.000000e+00 1.292792e+00 1.712753e+02 6.778673e+00 1.365559e+02 8.077634e+01 9.759974e-01
479 0.000000e+00 1.478312e+00 1.768288e+02 1.837730e+00 1.458920e+02 8.273090e+01 9.608311e-01
480 0.000000e+00 1.315155e+00 1.702941e+02 1.463532e+00 1.362948e+02 8.479390e+01 9.713949e-01
481 0.000000e+00 1.370718e+00 1.788163e+02 1.047979e+00 1.356448e+02 7.568093e+01 9.437881e-01
482 0.000000e+00 1.263305e+00 1.754528e+02 3.623458e+00 1.344879e+02 8.036073e+01 9.740225e-01
483 0.000000e+00 1.309029e+00 1.717027e+02 1.151101e+00 1.318430e+02 7.840052e+01 9.624158e-01
484 0.000000e+00 1.465633e+00 1.790105e+02 5.174904e-01 1.402836e+02 8.225724e+01 9.705181e-01
485 0.000000e+00 1.355831e+00 1.723059e+02 6.536077e+00 1.399829e+02 8.137256e+01 9.605934e-01
486 0.000000e+00 1.435571e+00 1.759514e+02 1.578734e+00 1.375275e+02 7.879493e+01 9.689337e-01
487 0.000000e+00 1.440124e+00 1.793936e+02 1.090470e+00 1.406476e+02 8.137889e+01 9.654961e-01
488 0.000000e+00 1.425038e+00 1.780428e+02 2.611655e+00 1.413594e+02 8.422119e+01 9.655582e-01
489 0.000000e+00 1.503369e+00 1.765091e+02 2.929739e-01 1.349061e+02 8.215163e+01 9.724038e-01
490 0.000000e+00 1.418849e+00 1.747195e+02 1.043027e+01 1.304266e+02 8.423170e+01 9.602438e-01
491 0.000000e+00 1.266600e+00 1.612730e+02 1.278259e+01 1.343277e+02 7.725224e+01 9.418000e-01
492 0.000000e+00 1.494453e+00 1.725001e+02 6.812388e+00 1.344233e+02 8.100015e+01 9.696691e-01
493 0.000000e+00 1.384647e+00 1.712467e+02 2.373400e+00 1.361663e+02 8.134023e+01 9.601751e-01
494 0.000000e+00 1.475773e+00 1.783399e+02 8.842653e+00 1.415569e+02 8.080709e+01 9.734192e-01
495 0.000000e+00 1.472493e+00 1.664600e+02 5.035484e+00 1.399103e+02 7.779535e+01 9.671111e-01
496 0.000000e+00 1.364909e+00 1.747077e+02 2.952073e+00 1.363949e+02 8.290551e+01 9.717131e-01
497 0.000000e+00 1.479458e+00 1.761891e+02 7.218154e+00 1.348580e+02 7.737925e+01 9.663975e-01
498 0.000000e+00 1.280395e+00 1.742256e+02 2.852651e+00 1.336065e+02 8.170333e+01 9.584991e-01
499 0.000000e+00 1.435536e+00 1.700952e+02 9.430816e+00 1.423593e+02 7.959447e+01 9.738303e-01
500 0.000000e+00 1.376998e+00 1.687537e+02 2.661866e-02 1.366974e+02 8.199355e+01 9.529363e-01
501 0.000000e+00 1.415776e+00 1.709768e+02 1.730050e+00 1.367660e+02 7.999591e+01 9.648863e-01
502 0.000000e+00 1.392967e+00 1.736565e+02 6.726375e+00 1.339920e+02 7.536597e+01 9.552048e-01
503 0.000000e+00 1.285419e+00 1.752546e+02 8.334137e+00 1.270360e+02 8.224695e+01 9.650544e-01
504 0.000000e+00 1.464904e+00 1.727402e+02 1.395653e+00 1.377476e+02 8.292886e+01 9.632615e-01
505 0.000000e+00 1.405823e+00 1.707422e+02 4.064235e+00 1.335249e+02 8.364255e+01 9.753690e-01
506 0.000000e+00 1.301890e+00 1.789251e+02 1.735002e+00 1.319432e+02 8.007435e+01 9.793245e-01
507 0.000000e+00 1.561737e+00 1.777898e+02 7.760039e+00 1.423088e+02 8.036099e+01 9.646544e-01
508 0.000000e+00 1.382225e+00 1.789436e+02 8.286856e+00 1.363256e+02 8.218836e+01 9.690163e-01
509 0.000000e+00 1.474266e+00 1.790102e+02 6.847308e+00 1.390933e+02 8.351742e+01 9.735748e-01
510 0.000000e+00 1.410990e+00 1.742522e+02 1.875321e+00 1.381234e+02 7.825430e+01 9.648286e-01
511 0.000000e+00 1.348994e+00 1.720112e+02 5.818473e+00 1.333354e+02 7.958279e+01 9.776545e-01
512 0.000000e+00 1.569874e+00 1.763579e+02 4.470138e-01 1.428437e+02 8.158312e+01 9.655241e-01
513 0.000000e+00 1.479648e+00 1.767359e+02 3.819917e-02 1.382097e+02 8.136822e+01 9.647707e-01
514 0.000000e+00 1.490114e+00 1.790340e+02 1.424861e+00 1.354627e+02 7.624524e+01 9.434216e-01
515 0.000000e+00 1.372223e+00 1.725245e+02 8.396940e-01 1.353173e+02 7.846743e+01 9.519327e-01
516 0.000000e+00 1.311146e+00 1.765421e+02 9.046952e+00 1.367212e+02 8.329023e+01 9.672770e-01
517 0.000000e+00 1.372326e+00 1.636766e+02 1.321232e+01 1.403964e+02 7.985574e+01 9.565804e-01
518 0.000000e+00 1.468090e+00 1.685811e+02 7.432507e+00 1.393491e+02 7.776848e+01 9.654418e-01
519 0.000000e+00 1.483415e+00 1.754999e+02 2.717378e+00 1.385988e+02 8.365135e+01 9.698591e-01
520 0.000000e+00 1.510348e+00 1.763669e+02 3.179539e+00 1.332529e+02 8.201529e+01 9.671405e-01
521 0.000000e+00 1.546780e+00 1.796897e+02 2.492526e+00 1.483598e+02 8.193245e+01 9.500860e-01
522 0.000000e+00 1.361805e+00 1.757839e+02 5.840119e+00 1.359978e+02 7.957857e+01 9.755181e-01
523 0.000000e+00 1.295594e+00 1.623457e+02 8.762801e+00 1.288312e+02 8.026196e+01 9.506819e-01
524 0.000000e+00 1.443982e+00 1.716209e+02 2.913725e+00 1.391326e+02 7.919556e+01 9.715568e-01
525 0.000000e+00 1.375374e+00 1.730069e+02 2.578623e+00 1.379349e+02 8.409797e+01 9.621420e-01
526 0.000000e+00 1.487861e+00 1.793811e+02 2.496237e-01 1.370482e+02 8.336816e+01 9.677999e-01
527 0.000000e+00 1.382285e+00 1.770014e+02 6.648181e+00 1.332655e+02 7.410912e+01 9.650431e-01
528 0.000000e+00 1.307047e+00 1.765273e+02 3.495618e+00 1.332527e+02 8.192281e+01 9.809165e-01
529 0.000000e+00 1.268821e+00 1.727889e+02 4.890923e+00 1.368666e+02 7.958482e+01 9.547267e-01
530 0.000000e+00 1.478159e+00 1.678323e+02 8.364818e+00 1.452013e+02 8.242845e+01 9.536959e-01
531 0.000000e+00 1.348218e+00 1.720432e+02 6.903212e+00 1.393007e+02 7.977113e+01 9.671582e-01
532 0.000000e+00 1.297641e+00 1.683556e+02 7.938803e+00 1.389971e+02 7.894939e+01 9.708030e-01
533 0.000000e+00 1.450969e+00 1.753902e+02 1.322677e+00 1.347384e+02 8.130190e+01 9.864377e-01
534 0.000000e+00 1.330279e+00 1.783325e+02 1.697201e+00 1.374613e+02 8.014227e+01 9.726334e-01
535 0.000000e+00 1.435518e+00 1.676870e+02 2.874907e+00 1.403868e+02 7.753387e+01 9.697739e-01
536 0.000000e+00 1.341507e+00 1.716820e+02 8.481134e+00 1.377610e+02 8.178676e+01 9.671313e-01
537 0.000000e+00 1.449842e+00 1.688101e+02 4.163217e+00 1.365455e+02 7.538342e+01 9.700248e-01
538 0.000000e+00 1.357879e+00 1.767992e+02 2.213905e+00 1.377599e+02 7.779621e+01 9.645275e-01
539 0.000000e+00 1.497944e+00 1.770713e+02 7.065438e+00 1.418214e+02 8.013517e+01 9.582491e-01
540 0.000000e+00 1.369190e+00 1.657055e+02 4.831417e+00 1.313508e+02 7.573299e+01 9.649797e-01
541 0.000000e+00 1.384361e+00 1.773296e+02 7.079077e-01 1.339787e+02 8.158224e+01 9.701972e-01
542 0.000000e+00 1.461639e+00 1.705207e+02 9.443050e+00 1.417925e+02 7.803525e+01 9.691212e-01
543 0.000000e+00 1.377525e+00 1.780682e+02 1.888647e-01 1.407707e+02 7.647484e+01 9.607430e-01
544 0.000000e+00 1.373287e+00 1.661577e+02 4.607327e+00 1.394311e+02 7.681454e+01 9.583350e-01
545 0.000000e+00 1.371285e+00 1.785559e+02 3.610972e+00 1.406052e+02 7.880371e+01 9.471216e-01
546 0.000000e+00 1.430807e+00 1.772460e+02 6.444467e-01 1.349049e+02 7.832770e+01 9.547294e-01
547 0.000000e+00 1.370140e+00 1.789253e+02 1.148150e-01 1.375656e+02 8.294871e+01 9.805646e-01
548 0.000000e+00 1.553010e+00 1.770412e+02 6.120514e+00 1.402811e+02 8.286974e+01 9.701365e-01
549 0.000000e+00 1.340551e+00 1.701190e+02 6.296038e+00 1.296652e+02 7.616712e+01 9.602909e-01
550 0.000000e+00 1.475045e+00 1.719850e+02 1.287094e+00 1.410908e+02 7.945033e+01 9.426763e-01
551 0.000000e+00 1.254908e+00 1.756373e+02 2.139530e+00 1.343562e+02 8.011525e+01 9.592244e-01
552 0.000000e+00 1.419401e+00 1.766446e+02 7.682763e+00 1.354373e+02 8.428524e+01 9.707383e-01
553 0.000000e+00 1.395019e+00 1.792539e+02 3.528896e+00 1.375902e+02 8.021262e+01 9.714744e-01
554 0.000000e+00 1.325859e+00 1.723247e+02 4.118241e+00 1.402095e+02 8.336925e+01 9.547506e-01
555 0.000000e+00 1.395349e+00 1.691024e+02 5.042713e+00 1.319667e+02 7.914538e+01 9.649111e-01
556 0.000000e+00 1.407437e+00 1.751428e+02 6.069647e+00 1.370374e+02 7.862296e+01 9.774593e-01
557 0.000000e+00 1.326108e+00 1.707032e+02 2.652420e-01 1.401226e+02 8.346205e+01 9.644038e-01
558 0.000000e+00 1.480917e+00 1.791419e+02 3.594704e+00 1.414216e+02 7.991808e+01 9.678220e-01
559 0.000000e+00 1.325675e+00 1.768904e+02 1.490524e+00 1.303432e+02 8.443383e+01 9.752573e-01
560 0.000000e+00 1.350169e+00 1.795645e+02 5.228199e+00 1.369286e+02 7.633164e+01 9.517265e-01
561 0.000000e+00 1.543606e+00 1.707541e+02 3.701383e+00 1.392691e+02 7.931314e+01 9.684950e-01
562 0.000000e+00 1.521138e+00 1.787245e+02 5.387217e+00 1.395401e+02 8.060102e+01 9.740651e-01
563 0.000000e+00 1.358109e+00 1.709507e+02 1.858736e+00 1.358052e+02 8.353025e+01 9.786966e-01
564 0.000000e+00 1.265774e+00 1.774654e+02 1.183032e+00 1.357502e+02 7.786241e+01 9.599923e-01
565 0.000000e+00 1.439713e+00 1.698750e+02 9.690707e-01 1.377116e+02 8.154581e+01 9.735757e-01
566 0.000000e+00 1.406150e+00 1.778194e+02 4.123121e+00 1.391200e+02 8.332249e+01 9.715494e-01
567 0.000000e+00 1.265420e+00 1.769572e+02 3.314402e+00 1.401445e+02 8.239453e+01 9.604469e-01
568 0.000000e+00 1.315629e+00 1.722901e+02 1.529048e+00 1.393291e+02 8.353830e+01 9.618163e-01
569 0.000000e+00 1.498854e+00 1.782109e+02 6.295251e-01 1.402815e+02 8.322878e+01 9.679908e-01
570 0.000000e+00 1.358982e+00 1.746576e+02 2.847909e+00 1.402435e+02 8.093593e+01 9.756201e-01
571 0.000000e+00 1.459715e+00 1.676264e+02 5.469992e+00 1.332506e+02 8.276430e+01 9.703825e-01
572 0.000000e+00 1.345542e+00 1.799921e+02 5.112772e-01 1.375726e+02 8.110644e+01 9.660362e-01
573 0.000000e+00 1.305799e+00 1.751384e+02 2.182171e+00 1.352383e+02 8.098733e+01 9.701594e-01
574 0.000000e+00 1.433606e+00 1.773723e+02 5.303756e+00 1.354705e+02 8.454158e+01 9.781607e-01
575 0.000000e+00 1.396307e+00 1.770196e+02 3.689352e+00 1.354932e+02 8.467525e+01 9.823793e-01
576 0.000000e+00 1.311718e+00 1.732134e+02 4.254856e+00 1.346839e+02 8.015252e+01 9.694777e-01
577 0.000000e+00 1.375179e+00 1.738223e+02 7.064449e+00 1.403406e+02 8.006177e+01 9.679362e-01
578 0.000000e+00 1.433391e+00 1.735462e+02 5.355958e+00 1.354456e+02 7.819151e+01 9.661144e-01
579 0.000000e+00 1.385428e+00 1.784576e+02 4.950921e-01 1.355809e+02 7.845774e+01 9.775887e-01
580 0.000000e+00 1.488467e+00 1.756015e+02 4.728940e+00 1.350934e+02 8.119477e+01 9.732328e-01
581 0.000000e+00 1.367056e+00 1.726455e+02 3.632686e+00 1.393639e+02 8.152378e+01 9.703182e-01
582 0.000000e+00 1.466676e+00 1.793784e+02 5.440322e+00 1.314919e+02 8.258930e+01 9.631876e-01
583 0.000000e+00 1.406193e+00 1.710003e+02 6.395230e+00 1.403130e+02 8.320848e+01 9.616089e-01
584 0.000000e+00 1.400150e+00 1.791742e+02 2.114843e+00 1.352280e+02 8.390351e+01 9.732812e-01
585 0.000000e+00 1.499014e+00 1.786894e+02 3.683247e+00 1.373351e+02 8.343597e+01 9.799452e-01
586 0.000000e+00 1.412962e+00 1.684719e+02 2.561716e+00 1.336913e+02 8.006517e+01 9.695078e-01
587 0.000000e+00 1.294260e+00 1.786715e+02 1.011929e+01 1.309290e+02 8.331006e+01 9.503865e-01
588 0.000000e+00 1.402891e+00 1.797338e+02 1.655657e+00 1.391795e+02 7.877408e+01 9.590869e-01
589 0.000000e+00 1.364965e+00 1.693301e+02 6.660864e+00 1.414172e+02 7.512126e+01 9.391163e-01
590 0.000000e+00 1.457894e+00 1.768999e+02 7.341496e+00 1.442630e+02 8.073401e+01 9.679884e-01
591 0.000000e+00 1.547275e+00 1.713985e+02 6.082344e+00 1.427039e+02 8.023382e+01 9.745348e-01
592 0.000000e+00 1.360723e+00 1.777937e+02 4.202666e+00 1.299536e+02 7.912621e+01 9.608488e-01
593 0.000000e+00 1.470033e+00 1.794875e+02 5.175259e+00 1.367904e+02 8.376306e+01 9.799495e-01
594 0.000000e+00 1.354552e+00 1.588173e+02 8.994474e+00 1.426471e+02 7.868915e+01 9.350583e-01
595 0.000000e+00 1.464311e+00 1.713072e+02 5.166382e+00 1.389256e+02 7.799730e+01 9.633766e-01
596 0.000000e+00 1.480985e+00 1.695140e+02 8.731064e-01 1.376602e+02 7.903168e+01 9.716834e-01
597 0.000000e+00 1.361618e+00 1.735587e+02 8.497313e+00 1.300844e+02 7.542625e+01 9.652104e-01
598 0.000000e+00 1.517430e+00 1.759822e+02 1.012816e+01 1.466375e+02 8.050117e+01 9.464069e-01
599 0.000000e+00 1.332238e+00 1.742374e+02 6.488181e+00 1.327014e+02 7.948410e+01 9.633266e-01
600 0.000000e+00 1.286020e+00 1.665021e+02 9.276051e+00 1.331725e+02 7.909797e+01 9.610764e-01
601 0.000000e+00 1.374519e+00 1.749257e+02 2.297145e+00 1.355157e+02 8.326501e+01 9.853081e-01
602 0.000000e+00 1.453838e+00 1.743296e+02 4.466163e+00 1.366252e+02 7.978447e+01 9.772277e-01
603 0.000000e+00 1.385148e+00 1.792210e+02 2.486596e-01 1.356830e+02 8.212976e+01 9.833794e-01
604 0.000000e+00 1.355694e+00 1.750228e+02 5.991904e+00 1.426064e+02 8.316307e+01 9.687719e-01
605 0.000000e+00 1.336699e+00 1.794981e+02 2.660524e+00 1.371946e+02 8.046090e+01 9.539379e-01
606 0.000000e+00 1.449557e+00 1.703398e+02 6.166553e+00 1.353106e+02 8.020815e+01 9.653462e-01
607 0.000000e+00 1.394856e+00 1.634330e+02 8.090267e+00 1.401902e+02 7.463540e+01 9.447690e-01
608 0.000000e+00 1.529208e+00 1.666626e+02 1.035813e+01 1.477927e+02 7.943561e+01 9.518669e-01
609 0.000000e+00 1.334820e+00 1.716934e+02 9.787048e-02 1.296559e+02 7.868337e+01 9.640974e-01
610 0.000000e+00 1.344150e+00 1.777343e+02 7.288806e+00 1.335983e+02 7.778633e+01 9.554340e-01
611 0.000000e+00 1.354381e+00 1.698366e+02 6.941110e+00 1.363208e+02 8.092787e+01 9.702137e-01
612 0.000000e+00 1.428694e+00 1.748603e+02 5.435985e+00 1.449262e+02 7.972767e+01 9.713760e-01
613 0.000000e+00 1.379897e+00 1.757258e+02 2.846066e+00 1.344417e+02 7.886174e+01 9.540083e-01
614 0.000000e+00 1.365516e+00 1.762473e+02 3.898673e-01 1.413350e+02 8.350366e+01 9.699199e-01
615 0.000000e+00 1.418054e+00 1.775796e+02 1.020406e+00 1.368443e+02 8.261554e+01 9.721657e-01
616 0.000000e+00 1.414742e+00 1.702705e+02 6.759797e+00 1.372584e+02 8.349289e+01 9.755404e-01
617 0.000000e+00 1.372125e+00 1.660821e+02 1.098043e+01 1.270309e+02 8.016581e+01 9.579208e-01
618 0.000000e+00 1.513542e+00 1.693077e+02 8.787874e+00 1.398447e+02 8.093632e+01 9.784461e-01
619 0.000000e+00 1.406728e+00 1.734294e+02 3.474496e-01 1.372827e+02 8.354602e+01 9.668748e-01
620 0.000000e+00 1.466757e+00 1.723474e+02 4.448513e+00 1.350370e+02 8.074845e+01 9.609772e-01
621 0.000000e+00 1.338766e+00 1.723370e+02 4.379860e+00 1.342497e+02 8.192823e+01 9.780937e-01
622 0.000000e+00 1.264046e+00 1.741399e+02 5.249171e+00 1.385400e+02 8.239044e+01 9.468074e-01
623 0.000000e+00 1.466407e+00 1.789649e+02 7.801456e-01 1.327406e+02 7.869690e+01 9.687687e-01
624 0.000000e+00 1.483774e+00 1.780759e+02 2.114224e+00 1.401524e+02 8.238341e+01 9.725793e-01
625 0.000000e+00 1.461613e+00 1.745615e+02 5.386430e+00 1.412703e+02 8.014218e+01 9.544100e-01
626 0.000000e+00 1.412120e+00 1.709363e+02 3.836937e+00 1.434091e+02 8.082271e+01 9.615885e-01
627 0.000000e+00 1.526733e+00 1.756685e+02 4.529609e+00 1.386040e+02 7.784698e+01 9.572146e-01
628 0.000000e+00 1.476567e+00 1.773803e+02 4.645326e-01 1.411344e+02 8.268558e+01 9.606333e-01
629 0.000000e+00 1.343457e+00 1.789313e+02 5.252575e-01 1.400021e+02 8.323999e+01 9.789555e-01
630 0.000000e+00 1.484328e+00 1.739810e+02 4.376716e+00 1.373725e+02 8.361584e+01 9.639471e-01
631 0.000000e+00 1.526483e+00 1.747789e+02 1.928155e+00 1.374359e+02 8.233201e+01 9.747407e-01
632 0.000000e+00 1.442009e+00 1.768452e+02 7.745494e+00 1.356522e+02 8.270004e+01 9.726543e-01
633 0.000000e+00 1.421673e+00 1.787584e+02 4.264701e+00 1.410221e+02 8.144366e+01 9.661168e-01
634 0.000000e+00 1.411209e+00 1.764759e+02 3.998718e+00 1.400594e+02 8.068571e+01 9.398583e-01
635 0.000000e+00 1.326753e+00 1.765196e+02 5.622383e+00 1.290658e+02 7.712959e+01 9.344022e-01
636 0.000000e+00 1.388852e+00 1.738266e+02 3.831496e+00 1.363842e+02 8.021568e+01 9.673385e-01
637 0.000000e+00 1.369612e+00 1.768436e+02 3.376771e+00 1.390729e+02 8.485896e+01 9.835936e-01
638 0.000000e+00 1.432837e+00 1.795902e+02 4.628101e+00 1.421084e+02 8.406070e+01 9.711151e-01
639 0.000000e+00 1.406947e+00 1.759666e+02 6.098451e+00 1.418659e+02 8.340506e+01 9.729383e-01
640 0.000000e+00 1.458873e+00 1.783128e+02 4.649437e-01 1.348037e+02 7.909770e+01 9.676883e-01
641 0.000000e+00 1.339854e+00 1.646664e+02 5.622614e+00 1.410801e+02 7.719356e+01 9.539831e-01
642 0.000000e+00 1.407288e+00 1.763633e+02 2.447381e+00 1.329541e+02 8.468382e+01 9.845935e-01
643 0.000000e+00 1.335178e+00 1.792847e+02 4.029242e-01 1.354395e+02 7.948173e+01 9.646252e-01
644 0.000000e+00 1.517005e+00 1.767368e+02 9.913489e-01 1.323713e+02 8.085754e+01 9.597525e-01
645 0.000000e+00 1.483531e+00 1.727970e+02 3.818737e-01 1.380638e+02 8.387123e+01 9.815057e-01
646 0.000000e+00 1.508471e+00 1.746957e+02 1.657601e+00 1.372629e+02 8.045597e+01 9.663152e-01
647 0.000000e+00 1.384683e+00 1.695054e+02 4.170588e+00 1.348118e+02 7.749890e+01 9.522461e-01
648 0.000000e+00 1.416537e+00 1.761774e+02 3.802642e+00 1.364405e+02 8.165826e+01 9.839089e-01
649 0.000000e+00 1.500732e+00 1.721094e+02 1.639438e+00 1.367326e+02 7.882525e+01 9.759255e-01
650 0.000000e+00 1.481108e+00 1.798217e+02 1.602906e+00 1.435853e+02 8.382910e+01 9.683257e-01
651 0.000000e+00 1.464679e+00 1.772631e+02 4.512113e-01 1.360881e+02 8.362138e+01 9.890384e-01
652 0.000000e+00 1.410078e+00 1.786994e+02 1.625741e+00 1.322281e+02 8.300191e+01 9.797067e-01
653 0.000000e+00 1.344499e+00 1.720105e+02 4.580138e+00 1.320035e+02 8.056056e+01 9.714890e-01
654 0.000000e+00 1.420532e+00 1.761621e+02 3.532219e+00 1.392984e+02 8.198710e+01 9.792754e-01
655 0.000000e+00 1.430914e+00 1.768528e+02 1.726348e+00 1.331526e+02 8.315034e+01 9.802494e-01
656 0.000000e+00 1.293337e+00 1.757711e+02 5.177187e+00 1.330504e+02 8.237931e+01 9.804132e-01
657 0.000000e+00 1.347156e+00 1.799795e+02 7.676361e-01 1.357531e+02 8.159754e+01 9.772956e-01
658 0.000000e+00 1.452976e+00 1.702903e+02 1.547031e+00 1.337224e+02 8.350243e+01 9.590980e-01
659 0.000000e+00 1.419146e+00 1.710058e+02 6.153603e+00 1.348461e+02 7.825610e+01 9.531696e-01
660 0.000000e+00 1.420234e+00 1.699972e+02 1.176654e+00 1.415208e+02 7.982819e+01 9.556406e-01
661 0.000000e+00 1.524201e+00 1.767409e+02 6.764518e+00 1.375378e+02 8.415746e+01 9.830902e-01
662 0.000000e+00 1.408867e+00 1.741112e+02 5.070373e+00 1.358435e+02 8.428055e+01 9.690722e-01
663 0.000000e+00 1.440700e+00 1.730930e+02 5.217422e+00 1.423320e+02 8.328899e+01 9.755283e-01
664 0.000000e+00 1.422528e+00 1.683105e+02 1.977003e+00 1.376202e+02 7.713709e+01 9.690980e-01
665 0.000000e+00 1.521031e+00 1.773471e+02 1.012435e+00 1.339436e+02 8.173171e+01 9.790718e-01
666 0.000000e+00 1.458689e+00 1.793405e+02 4.223891e+00 1.409866e+02 8.250841e+01 9.734675e-01
667 0.000000e+00 1.274388e+00 1.775953e+02 4.008443e+00 1.349765e+02 8.451949e+01 9.766516e-01
668 0.000000e+00 1.248014e+00 1.762126e+02 3.737012e+00 1.387862e+02 8.096350e+01 9.526301e-01
669 0.000000e+00 1.275580e+00 1.769353e+02 1.565606e+00 1.382272e+02 7.940004e+01 9.730991e-01
670 0.000000e+00 1.330529e+00 1.695225e+02 4.778487e+00 1.321006e+02 7.900459e+01 9.659622e-01
671 0.000000e+00 1.436512e+00 1.791951e+02 2.420327e+00 1.416668e+02 8.192038e+01 9.301465e-01
672 0.000000e+00 1.352201e+00 1.761521e+02 2.087732e+00 1.391062e+02 8.097237e+01 9.715706e-01
673 0.000000e+00 1.504533e+00 1.789770e+02 4.610287e-01 1.339045e+02 8.162934e+01 9.714358e-01
674 0.000000e+00 1.346850e+00 1.759392e+02 4.739130e+00 1.355809e+02 8.495078e+01 9.815934e-01
675 0.000000e+00 1.348292e+00 1.693489e+02 2.133780e+00 1.382910e+02 7.986875e+01 9.644940e-01
676 0.000000e+00 1.403473e+00 1.691241e+02 8.408002e+00 1.274563e+02 8.213175e+01 9.576725e-01
677 0.000000e+00 1.330530e+00 1.709053e+02 3.561695e+00 1.364903e+02 8.330284e+01 9.760173e-01
678 0.000000e+00 1.394924e+00 1.681964e+02 2.440077e+00 1.362816e+02 7.864007e+01 9.736080e-01
679 0.000000e+00 1.500627e+00 1.693765e+02 5.223891e+00 1.412380e+02 8.181931e+01 9.631533e-01
680 0.000000e+00 1.526384e+00 1.646353e+02 6.882784e+00 1.415118e+02 7.994526e+01 9.621509e-01
681 0.000000e+00 1.447058e+00 1.786157e+02 2.497243e+00 1.380066e+02 7.941770e+01 9.631358e-01
682 0.000000e+00 1.443369e+00 1.796862e+02 8.323290e-01 1.426501e+02 8.323404e+01 9.673402e-01
683 0.000000e+00 1.508009e+00 1.684519e+02 3.524066e+00 1.400874e+02 8.027560e+01 9.676930e-01
684 0.000000e+00 1.379565e+00 1.788675e+02 1.055054e+00 1.309340e+02 8.048465e+01 9.653223e-01
685 0.000000e+00 1.372577e+00 1.754437e+02 3.552091e-01 1.394273e+02 8.093706e+01 9.558544e-01
686 0.000000e+00 1.377043e+00 1.772815e+02 9.382145e-01 1.372648e+02 8.148689e+01 9.740513e-01
687 0.000000e+00 1.261868e+00 1.771980e+02 2.370275e+00 1.322496e+02 7.828255e+01 9.597995e-01
688 0.000000e+00 1.462000e+00 1.745630e+02 1.425818e+00 1.373574e+02 7.996382e+01 9.609957e-01
689 0.000000e+00 1.408937e+00 1.780864e+02 3.046604e+00 1.391382e+02 7.658850e+01 9.672651e-01
690 0.000000e+00 1.396914e+00 1.785663e+02 8.906299e-02 1.376037e+02 7.853233e+01 9.748763e-01
691 0.000000e+00 1.415779e+00 1.737215e+02 8.543062e-01 1.357629e+02 8.125566e+01 9.713768e-01
692 0.000000e+00 1.345086e+00 1.774898e+02 3.315243e+00 1.380949e+02 7.927494e+01 9.606418e-01
693 0.000000e+00 1.553057e+00 1.731471e+02 3.687767e+00 1.405203e+02 8.253778e+01 9.759630e-01
694 0.000000e+00 1.380451e+00 1.697431e+02 9.893927e+00 1.287427e+02 7.879833e+01 9.513280e-01
695 0.000000e+00 1.372229e+00 1.782850e+02 1.379717e+00 1.390849e+02 8.124553e+01 9.675821e-01
696 0.000000e+00 1.461203e+00 1.774489e+02 5.940911e-01 1.357996e+02 8.183389e+01 9.772559e-01
697 0.000000e+00 1.433873e+00 1.758837e+02 2.718852e+00 1.415668e+02 7.919228e+01 9.626577e-01
698 0.000000e+00 1.433684e+00 1.637734e+02 9.935107e+00 1.445291e+02 7.894370e+01 9.420707e-01
699 0.000000e+00 1.498274e+00 1.788676e+02 4.786087e+00 1.432860e+02 8.613002e+01 9.724478e-01
700 0.000000e+00 1.375497e+00 1.753811e+02 6.492528e+00 1.433728e+02 8.246024e+01 9.623619e-01
701 0.000000e+00 1.335139e+00 1.787771e+02 5.648189e+00 1.323242e+02 8.065182e+01 9.787211e-01
702 0.000000e+00 1.508886e+00 1.746389e+02 4.668863e+00 1.365749e+02 7.983370e+01 9.768254e-01
703 0.000000e+00 1.371419e+00 1.733203e+02 6.235301e+00 1.425753e+02 8.366858e+01 9.664122e-01
704 0.000000e+00 1.508446e+00 1.787758e+02 4.694189e+00 1.419263e+02 7.618022e+01 9.535152e-01
705 0.000000e+00 1.500744e+00 1.773272e+02 5.248446e+00 1.434963e+02 8.443318e+01 9.763866e-01
706 0.000000e+00 1.343495e+00 1.736689e+02 8.230511e+00 1.322633e+02 7.965659e+01 9.589463e-01
707 0.000000e+00 1.512881e+00 1.759694e+02 1.296676e+00 1.374957e+02 8.101011e+01 9.729326e-01
708 0.000000e+00 1.292160e+00 1.767624e+02 9.178006e-01 1.351572e+02 8.155370e+01 9.726336e-01
709 0.000000e+00 1.372695e+00 1.732080e+02 6.375655e+00 1.421201e+02 8.227449e+01 9.619209e-01
710 0.000000e+00 1.487598e+00 1.748160e+02 6.501068e+00 1.387747e+02 8.223885e+01 9.770353e-01
711 0.000000e+00 1.566953e+00 1.775668e+02 7.692809e-01 1.397238e+02 7.849496e+01 9.779335e-01
712 0.000000e+00 1.344426e+00 1.777218e+02 1.497608e+00 1.373284e+02 7.591892e+01 9.675677e-01
713 0.000000e+00 1.277288e+00 1.783676e+02 4.730369e+00 1.394993e+02 8.033676e+01 9.687600e-01
714 0.000000e+00 1.368892e+00 1.675219e+02 5.308723e+00 1.381065e+02 7.642775e+01 9.701004e-01
715 0.000000e+00 1.388709e+00 1.654916e+02 9.483849e+00 1.423551e+02 7.966267e+01 9.650269e-01
716 0.000000e+00 1.327315e+00 1.720838e+02 5.455323e+00 1.359608e+02 7.937803e+01 9.535171e-01
717 0.000000e+00 1.545695e+00 1.786069e+02 1.767446e+00 1.387653e+02 8.382596e+01 9.835895e-01
718 0.000000e+00 1.372186e+00 1.789844e+02 4.666458e-01 1.313545e+02 8.121020e+01 9.714233e-01
719 0.000000e+00 1.531047e+00 1.799768e+02 5.782060e+00 1.357856e+02 8.309500e+01 9.710604e-01
720 0.000000e+00 1.449323e+00 1.622572e+02 7.834918e+00 1.418779e+02 7.432805e+01 9.513755e-01
721 0.000000e+00 1.590248e+00 1.799143e+02 4.689511e+00 1.416623e+02 8.073908e+01 9.482068e-01
722 0.000000e+00 1.395197e+00 1.738051e+02 5.106925e+00 1.330327e+02 8.193363e+01 9.701486e-01
723 0.000000e+00 1.409285e+00 1.797934e+02 5.960887e-01 1.337000e+02 8.323442e+01 9.847738e-01
724 0.000000e+00 1.577847e+00 1.755331e+02 2.450807e+00 1.361377e+02 8.011921e+01 9.717937e-01
725 0.000000e+00 1.293114e+00 1.749184e+02 5.524459e+00 1.297917e+02 8.448210e+01 9.761730e-01
726 0.000000e+00 1.435294e+00 1.773177e+02 2.146001e+00 1.419604e+02 8.411765e+01 9.724051e-01
727 0.000000e+00 1.322760e+00 1.710928e+02 7.472736e+00 1.298118e+02 8.291293e+01 9.581352e-01
728 0.000000e+00 1.379252e+00 1.767911e+02 1.939188e+00 1.341930e+02 8.064075e+01 9.592367e-01
729 0.000000e+00 1.487953e+00 1.744212e+02 2.001359e-01 1.359289e+02 7.862572e+01 9.733280e-01
730 0.000000e+00 1.483792e+00 1.761431e+02 1.374033e+00 1.372803e+02 7.970463e+01 9.828156e-01
731 0.000000e+00 1.485226e+00 1.761572e+02 1.481652e+00 1.454370e+02 7.876320e+01 9.592932e-01
732 0.000000e+00 1.500961e+00 1.752655e+02 3.992570e+00 1.419835e+02 8.266774e+01 9.714875e-01
733 0.000000e+00 1.410204e+00 1.736543e+02 4.638402e-02 1.382600e+02 8.095322e+01 9.720872e-01
734 0.000000e+00 1.425777e+00 1.761211e+02 7.007633e+00 1.372045e+02 8.047827e+01 9.725980e-01
735 0.000000e+00 1.393155e+00 1.787195e+02 3.501400e+00 1.332374e+02 8.008444e+01 9.714582e-01
736 0.000000e+00 1.342753e+00 1.747049e+02 7.410886e+00 1.368368e+02 8.149024e+01 9.728133e-01
737 0.000000e+00 1.371919e+00 1.789277e+02 2.955146e+00 1.353248e+02 8.153484e+01 9.758468e-01
738 0.000000e+00 1.423820e+00 1.779234e+02 4.209217e+00 1.341753e+02 8.184191e+01 9.740586e-01
739 0.000000e+00 1.488406e+00 1.788790e+02 4.478940e+00 1.375326e+02 8.204195e+01 9.845414e-01
740 0.000000e+00 1.602707e+00 1.710305e+02 6.532844e-01 1.385284e+02 8.325759e+01 9.776385e-01
741 0.000000e+00 1.323679e+00 1.649869e+02 8.119328e+00 1.287167e+02 8.140535e+01 9.542930e-01
742 0.000000e+00 1.481742e+00 1.759392e+02 5.215946e+00 1.392914e+02 8.145408e+01 9.683643e-01
743 0.000000e+00 1.463723e+00 1.733005e+02 1.818660e+00 1.416575e+02 7.685905e+01 9.778654e-01
744 0.000000e+00 1.490701e+00 1.737594e+02 1.614882e+00 1.430647e+02 7.901559e+01 9.677598e-01
745 0.000000e+00 1.340095e+00 1.790415e+02 2.616232e+00 1.381690e+02 7.979182e+01 9.702946e-01
746 0.000000e+00 1.396431e+00 1.769277e+02 4.945421e+00 1.392425e+02 7.975625e+01 9.701701e-01
747 0.000000e+00 1.267845e+00 1.782323e+02 3.367700e+00 1.358263e+02 7.782868e+01 9.747753e-01
748 0.000000e+00 1.509341e+00 1.743549e+02 6.382088e+00 1.369125e+02 8.464511e+01 9.557788e-01
749 0.000000e+00 1.397692e+00 1.788468e+02 3.716035e+00 1.324589e+02 8.312604e+01 9.739546e-01
750 0.000000e+00 1.355732e+00 1.774424e+02 2.944180e+00 1.328973e+02 7.807297e+01 9.550155e-01
751 0.000000e+00 1.437362e+00 1.770635e+02 2.047675e-03 1.390776e+02 8.121463e+01 9.855316e-01
752 0.000000e+00 1.399022e+00 1.729713e+02 6.896341e+00 1.397667e+02 8.350346e+01 9.678994e-01
753 0.000000e+00 1.342004e+00 1.788487e+02 8.074060e+00 1.311221e+02 8.148913e+01 9.702353e-01
754 0.000000e+00 1.479925e+00 1.770258e+02 9.096477e-01 1.379755e+02 8.263957e+01 9.808197e-01
755 0.000000e+00 1.512814e+00 1.697477e+02 7.305410e+00 1.429411e+02 8.322009e+01 9.738698e-01
756 0.000000e+00 1.478503e+00 1.738252e+02 6.506384e+00 1.373344e+02 8.028215e+01 9.596838e-01
757 0.000000e+00 1.571203e+00 1.732894e+02 4.149394e-02 1.385448e+02 7.947878e+01 9.528535e-01
758 0.000000e+00 1.447985e+00 1.659372e+02 8.844186e+00 1.426503e+02 7.943477e+01 9.495177e-01
759 0.000000e+00 1.424657e+00 1.759303e+02 3.127833e+00 1.368888e+02 8.286923e+01 9.862253e-01
760 0.000000e+00 1.346901e+00 1.740330e+02 8.206625e-01 1.404246e+02 8.478087e+01 9.740608e-01
761 0.000000e+00 1.384288e+00 1.729117e+02 9.140129e+00 1.353207e+02 8.481458e+01 9.726027e-01
762 0.000000e+00 1.532338e+00 1.641913e+02 8.936808e+00 1.474756e+02 7.185138e+01 9.395554e-01
763 0.000000e+00 1.420160e+00 1.798603e+02 1.419890e+00 1.402776e+02 8.240828e+01 9.746719e-01
764 0.000000e+00 1.307104e+00 1.664845e+02 9.636427e+00 1.302478e+02 7.555011e+01 9.645286e-01
765 0.000000e+00 1.434926e+00 1.751870e+02 9.682220e+00 1.438200e+02 8.275143e+01 9.726517e-01
766 0.000000e+00 1.385355e+00 1.790075e+02 8.298123e-02 1.332408e+02 8.247252e+01 9.654624e-01
767 0.000000e+00 1.483894e+00 1.774149e+02 2.730167e+00 1.382620e+02 8.324364e+01 9.871362e-01
768 0.000000e+00 1.356411e+00 1.790268e+02 1.041231e+00 1.384231e+02 7.962111e+01 9.522479e-01
769 0.000000e+00 1.360980e+00 1.769162e+02 1.427947e+00 1.360752e+02 8.119432e+01 9.596987e-01
770 0.000000e+00 1.504266e+00 1.695390e+02 4.678843e+00 1.400365e+02 8.239823e+01 9.767662e-01
771 0.000000e+00 1.436858e+00 1.763638e+02 6.011343e+00 1.412040e+02 8.214284e+01 9.754342e-01
772 0.000000e+00 1.364127e+00 1.776267e+02 3.264526e+00 1.329437e+02 8.031859e+01 9.692995e-01
773 0.000000e+00 1.376770e+00 1.715179e+02 8.765855e+00 1.397852e+02 7.895239e+01 9.714023e-01
774 0.000000e+00 1.422953e+00 1.774926e+02 1.273985e+00 1.421272e+02 7.935742e+01 9.691497e-01
775 0.000000e+00 1.370347e+00 1.682975e+02 8.275203e+00 1.369661e+02 8.284235e+01 9.691905e-01
776 0.000000e+00 1.607315e+00 1.710810e+02 5.274909e+00 1.388321e+02 7.643842e+01 9.710081e-01
777 0.000000e+00 1.396629e+00 1.692030e+02 6.264810e+00 1.416874e+02 8.286259e+01 9.587884e-01
778 0.000000e+00 1.323227e+00 1.637824e+02 5.700012e+00 1.365946e+02 7.829829e+01 9.643940e-01
779 0.000000e+00 1.399726e+00 1.723869e+02 4.381700e+00 1.421691e+02 7.913119e+01 9.671476e-01
780 0.000000e+00 1.519703e+00 1.785359e+02 1.606941e+00 1.421957e+02 8.217167e+01 9.830991e-01
781 0.000000e+00 1.507324e+00 1.726571e+02 8.908184e+00 1.349244e+02 8.136412e+01 9.606898e-01
782 0.000000e+00 1.319296e+00 1.761896e+02 3.555938e+00 1.415547e+02 8.295464e+01 9.722660e-01
783 0.000000e+00 1.469950e+00 1.758489e+02 3.754213e+00 1.416564e+02 7.679442e+01 9.493454e-01
784 0.000000e+00 1.402462e+00 1.786982e+02 9.471801e+00 1.395062e+02 8.250404e+01 9.628752e-01
785 0.000000e+00 1.245531e+00 1.779520e+02 3.724540e+00 1.293937e+02 8.314375e+01 9.767633e-01
786 0.000000e+00 1.545299e+00 1.737841e+02 7.791176e+00 1.401321e+02 7.938611e+01 9.574957e-01
787 0.000000e+00 1.438872e+00 1.687596e+02 5.899189e+00 1.445949e+02 7.551884e+01 9.532959e-01
788 0.000000e+00 1.338823e+00 1.716231e+02 5.540959e+00 1.403303e+02 8.006215e+01 9.565937e-01
789 0.000000e+00 1.355322e+00 1.657123e+02 6.175797e+00 1.312409e+02 8.420944e+01 9.706836e-01
790 0.000000e+00 1.515584e+00 1.751934e+02 3.146470e+00 1.331167e+02 8.483993e+01 9.814717e-01
791 0.000000e+00 1.494470e+00 1.695691e+02 7.240966e+00 1.408707e+02 8.205102e+01 9.674408e-01
792 0.000000e+00 1.439535e+00 1.744743e+02 2.924994e-01 1.377812e+02 8.147034e+01 9.651661e-01
793 0.000000e+00 1.314057e+00 1.763009e+02 3.038589e+00 1.311214e+02 7.910582e+01 9.704844e-01
794 0.000000e+00 1.378829e+00 1.773588e+02 1.812287e+00 1.381923e+02 8.008671e+01 9.622448e-01
795 0.000000e+00 1.392563e+00 1.711883e+02 7.208232e+00 1.311443e+02 8.065457e+01 9.654323e-01
796 0.000000e+00 1.352570e+00 1.794741e+02 5.113764e+00 1.320903e+02 7.646402e+01 9.513551e-01
797 0.000000e+00 1.408961e+00 1.747610e+02 4.095147e+00 1.365510e+02 8.126225e+01 9.691285e-01
798 0.000000e+00 1.398981e+00 1.791855e+02 3.417405e+00 1.417092e+02 8.301337e+01 9.681135e-01
799 0.000000e+00 1.449101e+00 1.693639e+02 6.718302e+00 1.434774e+02 8.168494e+01 9.683642e-01
800 0.000000e+00 1.321309e+00 1.732912e+02 1.275507e+00 1.305696e+02 7.861652e+01 9.642161e-01
801 0.000000e+00 1.414450e+00 1.794342e+02 5.317501e-01 1.370811e+02 8.588877e+01 9.832783e-01
802 0.000000e+00 1.545624e+00 1.774142e+02 6.635002e+00 1.401792e+02 7.854970e+01 9.652725e-01
803 0.000000e+00 1.346624e+00 1.789495e+02 6.855724e-01 1.349799e+02 7.798004e+01 9.720986e-01
804 0.000000e+00 1.530656e+00 1.747578e+02 1.776139e+00 1.397133e+02 8.157820e+01 9.729120e-01
805 0.000000e+00 1.434667e+00 1.755010e+02 1.786350e+00 1.416095e+02 8.127829e+01 9.785868e-01
806 0.000000e+00 1.381821e+00 1.755543e+02 5.601432e+00 1.435470e+02 8.100210e+01 9.669401e-01
807 0.000000e+00 1.444222e+00 1.740383e+02 9.408425e+00 1.293477e+02 7.995801e+01 9.603083e-01
808 0.000000e+00 1.326997e+00 1.763671e+02 1.614775e+00 1.331559e+02 8.119204e+01 9.751982e-01
809 0.000000e+00 1.528881e+00 1.780626e+02 4.096964e-02 1.364378e+02 7.731820e+01 9.691546e-01
810 0.000000e+00 1.373032e+00 1.685033e+02 6.472585e+00 1.415276e+02 7.807391e+01 9.672564e-01
811 0.000000e+00 1.469267e+00 1.754765e+02 2.342457e+00 1.414571e+02 7.943227e+01 9.747022e-01
812 0.000000e+00 1.385757e+00 1.756673e+02 6.887767e-01 1.345857e+02 8.485095e+01 9.794630e-01
813 0.000000e+00 1.501903e+00 1.688146e+02 9.632902e+00 1.310004e+02 7.885951e+01 9.694571e-01
814 0.000000e+00 1.194776e+00 1.700615e+02 6.818692e+00 1.291659e+02 7.953690e+01 9.636874e-01
815 0.000000e+00 1.319537e+00 1.738290e+02 1.095109e+00 1.383565e+02 8.010182e+01 9.490556e-01
816 0.000000e+00 1.240996e+00 1.740940e+02 4.769533e+00 1.345860e+02 8.162750e+01 9.720105e-01
817 0.000000e+00 1.474291e+00 1.765406e+02 6.215574e+00 1.406578e+02 8.292928e+01 9.786323e-01
818 0.000000e+00 1.470959e+00 1.749115e+02 2.658103e+00 1.378013e+02 8.238675e+01 9.644446e-01
819 0.000000e+00 1.389967e+00 1.730579e+02 2.776633e+00 1.413622e+02 8.250930e+01 9.804130e-01
820 0.000000e+00 1.345587e+00 1.722132e+02 2.340861e+00 1.344766e+02 8.171303e+01 9.603981e-01
821 0.000000e+00 1.521512e+00 1.699395e+02 6.486690e+00 1.367282e+02 7.626081e+01 9.675278e-01
822 0.000000e+00 1.503565e+00 1.743487e+02 5.571399e+00 1.410724e+02 8.412240e+01 9.814744e-01
823 0.000000e+00 1.467511e+00 1.681392e+02 9.634263e+00 1.457232e+02 7.608153e+01 9.502731e-01
824 0.000000e+00 1.370220e+00 1.752652e+02 1.208659e+00 1.370152e+02 7.664701e+01 9.629234e-01
825 0.000000e+00 1.318387e+00 1.763687e+02 3.087649e+00 1.368278e+02 8.130795e+01 9.704745e-01
826 0.000000e+00 1.428916e+00 1.768977e+02 6.447866e+00 1.294106e+02 8.288872e+01 9.798679e-01
827 0.000000e+00 1.303853e+00 1.725107e+02 1.029735e+00 1.367427e+02 8.413166e+01 9.745400e-01
828 0.000000e+00 1.308674e+00 1.780680e+02 4.145588e+00 1.351741e+02 8.141513e+01 9.722109e-01
829 0.000000e+00 1.409505e+00 1.787873e+02 8.533151e+00 1.411522e+02 7.926017e+01 9.564241e-01
830 0.000000e+00 1.473278e+00 1.752949e+02 5.922694e+00 1.402045e+02 8.025985e+01 9.830227e-01
831 0.000000e+00 1.465174e+00 1.699273e+02 4.388524e+00 1.424824e+02 8.358798e+01 9.781948e-01
832 0.000000e+00 1.538286e+00 1.742612e+02 4.685255e-01 1.444381e+02 8.161347e+01 9.618617e-01
833 0.000000e+00 1.478267e+00 1.717703e+02 4.629899e+00 1.357975e+02 8.190532e+01 9.538880e-01
834 0.000000e+00 1.494602e+00 1.798245e+02 1.058127e+00 1.367073e+02 8.517331e+01 9.834214e-01
835 0.000000e+00 1.390894e+00 1.776549e+02 3.024009e+00 1.396906e+02 8.257986e+01 9.739874e-01
836 0.000000e+00 1.273193e+00 1.721748e+02 2.019020e-01 1.396692e+02 8.232317e+01 9.577687e-01
837 0.000000e+00 1.560588e+00 1.751412e+02 8.738315e+00 1.416839e+02 8.527130e+01 9.782683e-01
838 0.000000e+00 1.348840e+00 1.737431e+02 1.131326e-01 1.380532e+02 8.263995e+01 9.796623e-01
839 0.000000e+00 1.487893e+00 1.798625e+02 7.271966e+00 1.393491e+02 8.006471e+01 9.782683e-01
840 0.000000e+00 1.294255e+00 1.739019e+02 5.791741e+00 1.303096e+02 7.982940e+01 9.691912e-01
841 0.000000e+00 1.440753e+00 1.758059e+02 5.823845e+00 1.405977e+02 8.222406e+01 9.628838e-01
842 0.000000e+00 1.355860e+00 1.743684e+02 1.818945e+00 1.361079e+02 8.251845e+01 9.680046e-01
843 0.000000e+00 1.403220e+00 1.767542e+02 2.219614e+00 1.383854e+02 8.560557e+01 9.787660e-01
844 0.000000e+00 1.465681e+00 1.677528e+02 4.648075e+00 1.404288e+02 8.148417e+01 9.797220e-01
845 0.000000e+00 1.521677e+00 1.672064e+02 1.601597e+00 1.367916e+02 7.573580e+01 9.664661e-01
846 0.000000e+00 1.481992e+00 1.740092e+02 7.845522e+00 1.409838e+02 8.375622e+01 9.690135e-01
847 0.000000e+00 1.353913e+00 1.762989e+02 3.816255e+00 1.384868e+02 8.432661e+01 9.781619e-01
848 0.000000e+00 1.406904e+00 1.707321e+02 6.652693e-01 1.370523e+02 7.850589e+01 9.575695e-01
849 0.000000e+00 1.349215e+00 1.733778e+02 4.957911e+00 1.422536e+02 7.995105e+01 9.456767e-01
850 0.000000e+00 1.374890e+00 1.727864e+02 3.152254e+00 1.360698e+02 8.143614e+01 9.791819e-01
851 0.000000e+00 1.437287e+00 1.701128e+02 9.219949e+00 1.446547e+02 7.596039e+01 9.493533e-01
852 0.000000e+00 1.326647e+00 1.750467e+02 1.851729e+00 1.325003e+02 8.124631e+01 9.738141e-01
853 0.000000e+00 1.401783e+00 1.713531e+02 4.543949e+00 1.377643e+02 8.030738e+01 9.631193e-01
854 0.000000e+00 1.428818e+00 1.776175e+02 5.601138e+00 1.356609e+02 8.571404e+01 9.776796e-01
855 0.000000e+00 1.367954e+00 1.786959e+02 7.643130e-01 1.416270e+02 8.059917e+01 9.662515e-01
856 0.000000e+00 1.370464e+00 1.741538e+02 1.587538e+00 1.354486e+02 8.256092e+01 9.762064e-01
857 0.000000e+00 1.429703e+00 1.763788e+02 1.932194e+00 1.386672e+02 8.217191e+01 9.863807e-01
858 0.000000e+00 1.442648e+00 1.742979e+02 6.902546e+00 1.457226e+02 8.348149e+01 9.609167e-01
859 0.000000e+00 1.419151e+00 1.758044e+02 8.150761e-01 1.393772e+02 8.182405e+01 9.667434e-01
860 0.000000e+00 1.461923e+00 1.791333e+02 1.970783e+00 1.383068e+02 7.996728e+01 9.594584e-01
861 0.000000e+00 1.414499e+00 1.674383e+02 4.217459e+00 1.297352e+02 8.140270e+01 9.614499e-01
862 0.000000e+00 1.529260e+00 1.680882e+02 9.610030e+00 1.433948e+02 7.624255e+01 9.678286e-01
863 0.000000e+00 1.368336e+00 1.763675e+02 7.606933e-01 1.413521e+02 8.142135e+01 9.519305e-01
864 0.000000e+00 1.475207e+00 1.656660e+02 5.316118e+00 1.379008e+02 7.714538e+01 9.522813e-01
865 0.000000e+00 1.361416e+00 1.718155e+02 2.324320e+00 1.400670e+02 7.712127e+01 9.592595e-01
866 0.000000e+00 1.292274e+00 1.733902e+02 5.287068e+00 1.310557e+02 8.184466e+01 9.686679e-01
867 0.000000e+00 1.398147e+00 1.746882e+02 2.805507e+00 1.399008e+02 8.406537e+01 9.580347e-01
868 0.000000e+00 1.432967e+00 1.654733e+02 8.450272e+00 1.422155e+02 7.978637e+01 9.661056e-01
869 0.000000e+00 1.418780e+00 1.795581e+02 6.990728e-01 1.373691e+02 8.485405e+01 9.785346e-01
870 0.000000e+00 1.525976e+00 1.740000e+02 4.066266e+00 1.395300e+02 8.373931e+01 9.653117e-01
871 0.000000e+00 1.436480e+00 1.795383e+02 7.336346e+00 1.362198e+02 8.098796e+01 9.689448e-01
872 0.000000e+00 1.402766e+00 1.720431e+02 6.694080e+00 1.312972e+02 8.041146e+01 9.589005e-01
873 0.000000e+00 1.634496e+00 1.795215e+02 4.967100e+00 1.402995e+02 7.970822e+01 9.591436e-01
874 0.000000e+00 1.486893e+00 1.753867e+02 7.564082e-01 1.374443e+02 8.326483e+01 9.758055e-01
875 0.000000e+00 1.374160e+00 1.764890e+02 1.894456e-01 1.406172e+02 8.149833e+01 9.776243e-01
876 0.000000e+00 1.475930e+00 1.763638e+02 1.095680e+00 1.432685e+02 8.592530e+01 9.787338e-01
877 0.000000e+00 1.537454e+00 1.799616e+02 7.807269e-01 1.384069e+02 8.098115e+01 9.715477e-01
878 0.000000e+00 1.314711e+00 1.696236e+02 4.784109e+00 1.373692e+02 8.214055e+01 9.794914e-01
879 0.000000e+00 1.302605e+00 1.794496e+02 8.306037e+00 1.336551e+02 7.747768e+01 9.675589e-01
880 0.000000e+00 1.261226e+00 1.756706e+02 2.625158e+00 1.397780e+02 8.199098e+01 9.562396e-01
881 0.000000e+00 1.379544e+00 1.778580e+02 5.052492e+00 1.380038e+02 8.534779e+01 9.844059e-01
882 0.000000e+00 1.584942e+00 1.730075e+02 6.697829e+00 1.435485e+02 8.302448e+01 9.611919e-01
883 0.000000e+00 1.321809e+00 1.683715e+02 9.185604e+00 1.295806e+02 7.717475e+01 9.509475e-01
884 0.000000e+00 1.486472e+00 1.746431e+02 3.321347e+00 1.374641e+02 8.407091e+01 9.826375e-01
885 0.000000e+00 1.409081e+00 1.679137e+02 2.696634e+00 1.329667e+02 8.005235e+01 9.708943e-01
886 0.000000e+00 1.346617e+00 1.749821e+02 2.838955e+00 1.337327e+02 8.331206e+01 9.828316e-01
887 0.000000e+00 1.616460e+00 1.721172e+02 9.841092e+00 1.474829e+02 8.177408e+01 9.610573e-01
888 0.000000e+00 1.476529e+00 1.730718e+02 1.174634e-01 1.367168e+02 7.881336e+01 9.714384e-01
889 0.000000e+00 1.578793e+00 1.745287e+02 4.592726e+00 1.359968e+02 7.954903e+01 9.490814e-01
890 0.000000e+00 1.547178e+00 1.761538e+02 4.221482e+00 1.375618e+02 8.273297e+01 9.720166e-01
891 0.000000e+00 1.359998e+00 1.749331e+02 4.311660e+00 1.343047e+02 7.945992e+01 9.762917e-01
892 0.000000e+00 1.529214e+00 1.776002e+02 3.591819e+00 1.364782e+02 7.990803e+01 9.839916e-01
893 0.000000e+00 1.408790e+00 1.713682e+02 7.865089e+00 1.324285e+02 8.215489e+01 9.710996e-01
894 0.000000e+00 1.567922e+00 1.663764e+02 5.557295e+00 1.367616e+02 7.495562e+01 9.608069e-01
895 0.000000e+00 1.362133e+00 1.698049e+02 3.127572e+00 1.372363e+02 8.012709e+01 9.551288e-01
896 0.000000e+00 1.566525e+00 1.706324e+02 4.235577e+00 1.392309e+02 7.988266e+01 9.693561e-01
897 0.000000e+00 1.519095e+00 1.765791e+02 2.287713e+00 1.380861e+02 7.862236e+01 9.699745e-01
898 0.000000e+00 1.537580e+00 1.703843e+02 2.408344e+00 1.437759e+02 7.876740e+01 9.680925e-01
899 0.000000e+00 1.553506e+00 1.788367e+02 4.795099e+00 1.404421e+02 8.355211e+01 9.755334e-01
900 0.000000e+00 1.510996e+00 1.770588e+02 4.179896e+00 1.384288e+02 7.992087e+01 9.631176e-01
901 0.000000e+00 1.432035e+00 1.674829e+02 7.831476e+00 1.320917e+02 7.844825e+01 9.640669e-01
902 0.000000e+00 1.288872e+00 1.741050e+02 2.987478e+00 1.354797e+02 8.287437e+01 9.684893e-01
903 0.000000e+00 1.444138e+00 1.751354e+02 2.347207e+00 1.412131e+02 8.284544e+01 9.756076e-01
904 0.000000e+00 1.360340e+00 1.746955e+02 6.459283e+00 1.353477e+02 8.290455e+01 9.776402e-01
905 0.000000e+00 1.335438e+00 1.778042e+02 3.960474e+00 1.298248e+02 8.154727e+01 9.810295e-01
906 0.000000e+00 1.477944e+00 1.795271e+02 2.181174e+00 1.372974e+02 7.723181e+01 9.658809e-01
907 0.000000e+00 1.528306e+00 1.742650e+02 1.379402e+00 1.398885e+02 8.287095e+01 9.605970e-01
908 0.000000e+00 1.461039e+00 1.780675e+02 2.877203e+00 1.344904e+02 7.859915e+01 9.689079e-01
909 0.000000e+00 1.377259e+00 1.669369e+02 5.177094e+00 1.320958e+02 7.734331e+01 9.557179e-01
910 0.000000e+00 1.410069e+00 1.730808e+02 1.775749e+00 1.381396e+02 7.997862e+01 9.714344e-01
911 0.000000e+00 1.418950e+00 1.717719e+02 9.073481e-01 1.359515e+02 7.895290e+01 9.800316e-01
912 0.000000e+00 1.426971e+00 1.633691e+02 6.846278e+00 1.444795e+02 8.011752e+01 9.495458e-01
913 0.000000e+00 1.414236e+00 1.713624e+02 4.281491e+00 1.379028e+02 8.475874e+01 9.781244e-01
914 0.000000e+00 1.516546e+00 1.774890e+02 4.690849e+00 1.417231e+02 8.320167e+01 9.836639e-01
915 0.000000e+00 1.427176e+00 1.717006e+02 5.958723e-01 1.417595e+02 7.659682e+01 9.566835e-01
916 0.000000e+00 1.416511e+00 1.742139e+02 3.960895e-01 1.418752e+02 8.120214e+01 9.680101e-01
917 0.000000e+00 1.396300e+00 1.749666e+02 4.329351e+00 1.370323e+02 8.421498e+01 9.722900e-01
918 0.000000e+00 1.382291e+00 1.783947e+02 6.373910e-01 1.382580e+02 8.435838e+01 9.760459e-01
919 0.000000e+00 1.432268e+00 1.638919e+02 1.006143e+01 1.463707e+02 8.029161e+01 9.538248e-01
920 0.000000e+00 1.488865e+00 1.787799e+02 1.597179e-01 1.375240e+02 8.198482e+01 9.730666e-01
921 0.000000e+00 1.326891e+00 1.689369e+02 4.530620e+00 1.314473e+02 8.241672e+01 9.753995e-01
922 0.000000e+00 1.479766e+00 1.773403e+02 6.494932e+00 1.343868e+02 8.034582e+01 9.751934e-01
923 0.000000e+00 1.194146e+00 1.778205e+02 6.241454e-01 1.351116e+02 8.082835e+01 9.719335e-01
924 0.000000e+00 1.419550e+00 1.755396e+02 3.498950e+00 1.324127e+02 8.251901e+01 9.790748e-01
925 0.000000e+00 1.531156e+00 1.799173e+02 5.246505e+00 1.403180e+02 8.237614e+01 9.689886e-01
926 0.000000e+00 1.328676e+00 1.722219e+02 6.394164e+00 1.283884e+02 8.535715e+01 9.747295e-01
927 0.000000e+00 1.415255e+00 1.705076e+02 1.663384e+00 1.377352e+02 8.057975e+01 9.686504e-01
928 0.000000e+00 1.456645e+00 1.750969e+02 1.084863e-01 1.338736e+02 8.034586e+01 9.686275e-01
929 0.000000e+00 1.498668e+00 1.788152e+02 7.209317e+00 1.432648e+02 8.364397e+01 9.644227e-01
930 0.000000e+00 1.376261e+00 1.767760e+02 2.014718e+00 1.354224e+02 7.914197e+01 9.733213e-01
931 0.000000e+00 1.254504e+00 1.740057e+02 4.092102e+00 1.383900e+02 7.873088e+01 9.495383e-01
932 0.000000e+00 1.549937e+00 1.724544e+02 2.394357e+00 1.397894e+02 8.348146e+01 9.846381e-01
933 0.000000e+00 1.287614e+00 1.697542e+02 1.948506e+00 1.343184e+02 7.983053e+01 9.481151e-01
934 0.000000e+00 1.483932e+00 1.795062e+02 7.816328e+00 1.382355e+02 8.145540e+01 9.576255e-01
935 0.000000e+00 1.334361e+00 1.699737e+02 8.330823e+00 1.288664e+02 7.643917e+01 9.595672e-01
936 0.000000e+00 1.545181e+00 1.774157e+02 2.715416e+00 1.428025e+02 7.570889e+01 9.677872e-01
937 0.000000e+00 1.312649e+00 1.753248e+02 2.341971e+00 1.360294e+02 8.105935e+01 9.632148e-01
938 0.000000e+00 1.291818e+00 1.692080e+02 6.688124e+00 1.346104e+02 7.741079e+01 9.639721e-01
939 0.000000e+00 1.504418e+00 1.760570e+02 3.981951e+00 1.384090e+02 8.393616e+01 9.825230e-01
940 0.000000e+00 1.429915e+00 1.755627e+02 3.014830e+00 1.408359e+02 8.371510e+01 9.545740e-01
941 0.000000e+00 1.461281e+00 1.778150e+02 3.169449e+00 1.403488e+02 8.038478e+01 9.704842e-01
942 0.000000e+00 1.436866e+00 1.711902e+02 7.896975e+00 1.367779e+02 8.037337e+01 9.802644e-01
943 0.000000e+00 1.268636e+00 1.738604e+02 3.668036e+00 1.360618e+02 8.071220e+01 9.606287e-01
944 0.000000e+00 1.538518e+00 1.744500e+02 4.752806e+00 1.409164e+02 8.291162e+01 9.716771e-01
945 0.000000e+00 1.461575e+00 1.787529e+02 7.849078e+00 1.324706e+02 8.088861e+01 9.760538e-01
946 0.000000e+00 1.414363e+00 1.744649e+02 4.504369e-02 1.399272e+02 8.249172e+01 9.525128e-01
947 0.000000e+00 1.369928e+00 1.755520e+02 1.021461e+01 1.322938e+02 8.438545e+01 9.782646e-01
948 0.000000e+00 1.335733e+00 1.682389e+02 9.582117e+00 1.409061e+02 8.296266e+01 9.536481e-01
949 0.000000e+00 1.482644e+00 1.782725e+02 3.560344e+00 1.346848e+02 7.619811e+01 9.661063e-01
950 0.000000e+00 1.355327e+00 1.721948e+02 2.905049e+00 1.342350e+02 8.104347e+01 9.732797e-01
951 0.000000e+00 1.280196e+00 1.782668e+02 9.504466e-01 1.364531e+02 8.241057e+01 9.772134e-01
952 0.000000e+00 1.552984e+00 1.715540e+02 3.092759e+00 1.444361e+02 8.120707e+01 9.726010e-01
953 0.000000e+00 1.464349e+00 1.745749e+02 3.122640e+00 1.373587e+02 8.538814e+01 9.823972e-01
954 0.000000e+00 1.431092e+00 1.772393e+02 3.994780e+00 1.317620e+02 8.409340e+01 9.755734e-01
955 0.000000e+00 1.392313e+00 1.751385e+02 5.173394e-01 1.411558e+02 7.994184e+01 9.504386e-01
956 0.000000e+00 1.511941e+00 1.795138e+02 3.976710e+00 1.370327e+02 8.209599e+01 9.807903e-01
957 0.000000e+00 1.474884e+00 1.751053e+02 5.010752e-01 1.361569e+02 8.121619e+01 9.755947e-01
958 0.000000e+00 1.293377e+00 1.691126e+02 1.120639e+01 1.385979e+02 7.933179e+01 9.675185e-01
959 0.000000e+00 1.317334e+00 1.719056e+02 3.137748e+00 1.369406e+02 7.630881e+01 9.571919e-01
960 0.000000e+00 1.321297e+00 1.799052e+02 4.903407e+00 1.359106e+02 7.855936e+01 9.629353e-01
961 0.000000e+00 1.527944e+00 1.794876e+02 3.913589e+00 1.430918e+02 8.111507e+01 9.699727e-01
962 0.000000e+00 1.343399e+00 1.796739e+02 4.414940e+00 1.337866e+02 8.400958e+01 9.655263e-01
963 0.000000e+00 1.485825e+00 1.797512e+02 7.200045e-01 1.305045e+02 8.233246e+01 9.716583e-01
964 0.000000e+00 1.427428e+00 1.739285e+02 5.408263e+00 1.342115e+02 7.991322e+01 9.671988e-01
965 0.000000e+00 1.343372e+00 1.756667e+02 4.012736e+00 1.362330e+02 8.014310e+01 9.859232e-01
966 0.000000e+00 1.320641e+00 1.732746e+02 2.888701e+00 1.413021e+02 8.370350e+01 9.516750e-01
967 0.000000e+00 1.435656e+00 1.761302e+02 2.207240e+00 1.435674e+02 8.197922e+01 9.561474e-01
968 0.000000e+00 1.453616e+00 1.712023e+02 4.237934e+00 1.364802e+02 8.207265e+01 9.739862e-01
969 0.000000e+00 1.379453e+00 1.716983e+02 6.245490e+00 1.345325e+02 8.477978e+01 9.849330e-01
970 0.000000e+00 1.323301e+00 1.707484e+02 5.855357e+00 1.374427e+02 7.413605e+01 9.716994e-01
971 0.000000e+00 1.459158e+00 1.744140e+02 4.988205e+00 1.435724e+02 8.448735e+01 9.741451e-01
972 0.000000e+00 1.260422e+00 1.682148e+02 7.380691e+00 1.297448e+02 7.993825e+01 9.473400e-01
973 0.000000e+00 1.439899e+00 1.798652e+02 3.245776e+00 1.331307e+02 8.189470e+01 9.676576e-01
974 0.000000e+00 1.414560e+00 1.756651e+02 9.135987e-01 1.342432e+02 8.284218e+01 9.838007e-01
975 0.000000e+00 1.380806e+00 1.773241e+02 4.071988e+00 1.324442e+02 8.055702e+01 9.774211e-01
976 0.000000e+00 1.333797e+00 1.792638e+02 1.988085e+00 1.381673e+02 8.454016e+01 9.834054e-01
977 0.000000e+00 1.566593e+00 1.770803e+02 2.756427e+00 1.377792e+02 8.392702e+01 9.719367e-01
978 0.000000e+00 1.421083e+00 1.710930e+02 7.832664e-01 1.365062e+02 8.029038e+01 9.507503e-01
979 0.000000e+00 1.455114e+00 1.742928e+02 1.556040e+00 1.371122e+02 7.707626e+01 9.805355e-01
980 0.000000e+00 1.380343e+00 1.757561e+02 5.857959e+00 1.301524e+02 7.840812e+01 9.651575e-01
981 0.000000e+00 1.514805e+00 1.707109e+02 2.958768e+00 1.400380e+02 8.453344e+01 9.633049e-01
982 0.000000e+00 1.491875e+00 1.751175e+02 3.397180e+00 1.382547e+02 7.754425e+01 9.764797e-01
983 0.000000e+00 1.657660e+00 1.722299e+02 3.763047e+00 1.435190e+02 7.925715e+01 9.676264e-01
984 0.000000e+00 1.450752e+00 1.644861e+02 5.636456e+00 1.418879e+02 7.976482e+01 9.590040e-01
985 0.000000e+00 1.448421e+00 1.774691e+02 2.406398e+00 1.365732e+02 8.171868e+01 9.799204e-01
986 0.000000e+00 1.436915e+00 1.682184e+02 3.248602e+00 1.392206e+02 7.926089e+01 9.715124e-01
987 0.000000e+00 1.267414e+00 1.730505e+02 2.281812e+00 1.373321e+02 7.574694e+01 9.684475e-01
988 0.000000e+00 1.390874e+00 1.742877e+02 4.074993e-01 1.391855e+02 8.469738e+01 9.574328e-01
989 0.000000e+00 1.175682e+00 1.696177e+02 5.442068e+00 1.285944e+02 7.857713e+01 9.426358e-01
990 0.000000e+00 1.477665e+00 1.768001e+02 2.180964e+00 1.391336e+02 8.431926e+01 9.858367e-01
991 0.000000e+00 1.583283e+00 1.742129e+02 9.241398e+00 1.407575e+02 8.264226e+01 9.748898e-01
992 0.000000e+00 1.273680e+00 1.771848e+02 3.149044e+00 1.376734e+02 7.854436e+01 9.714344e-01
993 0.000000e+00 1.371118e+00 1.703180e+02 7.597352e+00 1.375636e+02 8.143769e+01 9.725655e-01
994 0.000000e+00 1.380838e+00 1.760683e+02 2.737762e+00 1.412200e+02 8.250202e+01 9.679701e-01
995 0.000000e+00 1.299298e+00 1.792305e+02 8.149150e-01 1.358480e+02 8.578778e+01 9.898647e-01
996 0.000000e+00 1.297372e+00 1.765913e+02 5.120399e-01 1.347209e+02 7.582239e+01 9.599620e-01
997 0.000000e+00 1.425198e+00 1.765254e+02 8.879446e+00 1.291997e+02 8.162680e+01 9.652964e-01
998 0.000000e+00 1.436187e+00 1.747775e+02 1.360492e+00 1.426090e+02 7.878695e+01 9.654271e-01
999 0.000000e+00 1.279968e+00 1.745728e+02 3.552685e+00 1.302690e+02 8.437755e+01 9.749697e-01
