1000
0 nan 4.698671e-01 8.034125e-01 4.859008e-01 6.014725e-01 5.360297e-01 7.890872e-01
1 nan 5.152721e-01 8.332405e-01 5.177857e-02 6.777942e-01 6.001821e-01 6.551497e-01
2 nan 4.307591e-01 9.699926e-01 4.813311e-01 3.943058e-01 5.231185e-01 5.960392e-01
3 nan 6.645849e-01 6.069998e-01 2.493480e-02 5.211177e-01 3.362124e-01 6.167930e-01
4 nan 3.970902e-01 4.841462e-01 3.284564e-01 6.722389e-01 3.945751e-01 5.256460e-01
5 nan 2.034057e-01 7.523849e-01 4.325879e-01 2.524834e-01 5.574113e-01 6.519225e-01
6 nan 6.018930e-01 3.304022e-01 7.292216e-01 6.756374e-01 5.558533e-01 5.651447e-01
7 nan 3.608733e-01 8.842209e-01 2.431472e-01 5.394255e-01 8.445046e-01 8.513967e-01
8 nan 3.536713e-01 2.660521e-01 2.537147e-01 3.267034e-01 4.969376e-01 4.741385e-01
9 nan 6.048337e-01 9.096190e-01 6.781611e-02 7.403195e-01 5.501395e-01 7.252412e-01
10 nan 5.118911e-01 7.818020e-01 2.283868e-01 2.799106e-01 2.213237e-01 2.617224e-01
11 nan 4.699601e-01 9.834048e-01 4.672330e-01 6.441494e-01 3.645858e-01 2.222767e-01
12 nan 5.855959e-01 5.269093e-01 4.168403e-01 5.653214e-01 4.530668e-01 6.590001e-01
13 nan 1.841100e-01 9.911546e-01 3.076466e-01 4.076285e-01 7.546802e-01 4.408224e-01
14 nan 4.915973e-01 7.757334e-01 4.873480e-01 6.255381e-01 7.257792e-01 9.124614e-01
15 nan 7.137035e-01 9.818511e-01 1.216974e-01 5.246174e-01 3.323062e-01 4.810438e-01
16 nan 4.830788e-01 9.792489e-01 1.531285e-01 4.620967e-01 6.298500e-01 7.404440e-01
17 nan 6.262291e-01 6.409317e-01 6.717755e-01 6.746349e-01 4.156705e-01 7.054140e-01
18 nan 4.399450e-01 4.234231e-01 2.721659e-01 5.107980e-01 3.796446e-01 5.451500e-01
19 nan 8.780921e-02 6.058286e-01 7.252632e-01 3.424267e-02 5.157109e-01 5.185733e-01
20 nan 6.693794e-01 4.251941e-01 4.859042e-01 4.341452e-01 5.877557e-01 5.969989e-01
21 nan 3.498853e-01 4.635227e-01 7.470966e-01 5.996836e-03 4.318790e-01 3.407960e-01
22 nan 4.636157e-01 7.277188e-01 9.804046e-02 6.081638e-01 4.853823e-01 3.987661e-01
23 nan 5.353097e-01 5.374596e-01 6.092730e-02 4.784730e-01 2.162319e-01 5.538885e-01
24 nan 2.361694e-01 8.434507e-01 1.025931e-01 4.575025e-01 4.329976e-01 6.387435e-01
25 nan 5.963173e-01 8.626575e-01 5.032532e-01 7.114529e-01 6.413204e-01 5.500331e-01
26 nan 4.845977e-01 6.395432e-01 3.733774e-01 2.376752e-01 7.395552e-01 7.394180e-01
27 nan 7.075451e-01 8.890190e-01 3.522074e-01 2.392664e-01 5.260985e-01 5.127952e-01
28 nan 4.904834e-01 7.615845e-01 5.042561e-01 7.454104e-01 6.603151e-01 4.326691e-01
29 nan 3.524541e-01 8.985539e-01 2.995013e-01 6.200011e-01 7.138674e-01 6.754709e-01
30 nan 2.754903e-01 7.178675e-01 3.323819e-01 4.585878e-01 6.273741e-01 8.412212e-01
31 nan 4.757734e-01 8.286406e-01 1.674746e-01 4.497857e-01 6.352583e-01 6.821275e-01
32 nan 5.794974e-01 8.923012e-01 4.311062e-01 7.913754e-01 7.469960e-01 4.705782e-01
33 nan 1.126268e-01 9.969303e-01 8.651422e-02 5.321686e-01 6.841278e-01 4.493586e-01
34 nan 7.076236e-01 8.184446e-01 1.834420e-01 6.758351e-01 8.637620e-01 6.989795e-01
35 nan 4.101511e-01 8.278236e-01 3.888760e-01 5.949560e-01 5.890323e-01 5.919203e-01
36 nan 4.350803e-01 8.202439e-01 3.624810e-01 3.632225e-01 7.692742e-01 7.684378e-01
37 nan 4.098245e-01 7.401534e-01 1.068851e-01 7.401770e-01 6.071063e-01 5.750036e-01
38 nan 4.588522e-01 8.873472e-01 1.434721e-01 5.424975e-01 8.289306e-01 7.950957e-01
39 nan 8.445432e-01 1.405397e-01 6.458482e-01 7.853142e-01 7.018790e-01 5.164053e-01
40 nan 6.998719e-01 9.739738e-01 4.531062e-02 5.358890e-01 4.543233e-01 5.761208e-02
41 nan 4.164707e-01 1.509436e-01 7.380527e-01 4.945090e-01 3.599189e-01 6.360932e-01
42 nan 7.850648e-01 8.413775e-01 2.881571e-01 5.195127e-01 7.110798e-01 8.147125e-01
43 nan 6.702908e-01 7.691690e-01 8.602790e-02 5.411547e-01 5.515485e-01 7.746436e-01
44 nan 6.646552e-01 3.966130e-01 3.579532e-01 7.151135e-01 5.529285e-01 3.975197e-01
45 nan 2.839447e-01 7.542881e-01 7.297990e-01 3.503734e-01 5.363366e-01 1.450098e-01
46 nan 3.870301e-01 7.630721e-01 4.696908e-02 6.996569e-01 7.377442e-01 7.101246e-01
47 nan 5.029821e-01 6.309339e-01 5.655010e-01 7.136235e-01 7.967344e-01 5.502834e-01
48 nan 7.909773e-01 5.610443e-01 6.074988e-01 5.773564e-01 3.088825e-01 5.057905e-01
49 nan 6.443055e-01 4.313618e-01 6.340733e-01 1.385389e-01 7.809315e-01 5.659237e-01
50 nan 4.845337e-01 7.414285e-01 8.671730e-02 5.617159e-01 3.950779e-01 5.737422e-01
51 nan 1.992974e-01 6.053705e-01 6.316582e-01 0.000000e+00 6.365183e-01 4.541605e-01
52 nan 7.932154e-01 6.658339e-01 1.184087e-01 7.003238e-01 8.927423e-01 6.719254e-01
53 nan 8.512162e-01 9.661721e-01 9.512310e-02 5.941788e-01 6.908837e-01 5.513292e-01
54 nan 7.525801e-01 7.896415e-01 3.494361e-02 4.933593e-01 8.588151e-01 8.355691e-01
55 nan 5.665668e-01 9.861534e-01 1.477435e-01 4.065754e-01 5.914654e-01 7.569496e-01
56 nan 6.480791e-01 8.501898e-01 1.352905e-01 1.731173e-01 6.019290e-01 5.243829e-01
57 nan 5.544070e-01 8.575382e-01 5.903819e-01 6.308773e-01 5.805598e-01 6.107149e-01
58 nan 9.193412e-02 6.277462e-01 1.411009e-01 3.697068e-01 5.837364e-01 6.922433e-01
59 nan 2.936659e-01 8.086074e-01 1.852059e-01 5.641073e-01 4.810595e-01 6.868464e-01
60 nan 2.283246e-01 5.095255e-01 2.702298e-01 3.941770e-01 5.792598e-01 4.119832e-01
61 nan 2.281345e-01 7.512940e-01 6.082892e-01 1.515167e-01 3.865668e-01 5.995399e-01
62 nan 4.090020e-01 7.756862e-01 3.756114e-01 5.434771e-01 2.909630e-01 4.077217e-01
63 nan 2.563640e-01 7.614617e-01 2.735953e-02 5.020741e-01 7.107874e-01 8.038126e-01
64 nan 1.858232e-01 4.278624e-01 5.616563e-01 2.702301e-01 5.331034e-01 4.334033e-01
65 nan 7.474612e-01 7.644984e-01 1.065860e-01 4.686776e-01 8.419011e-01 7.776188e-01
66 nan 3.799045e-01 8.466668e-01 2.683307e-01 4.955714e-01 7.075039e-01 8.393283e-01
67 nan 5.848871e-01 6.688233e-01 3.979183e-02 5.061394e-01 6.099380e-01 8.565168e-01
68 nan 4.588750e-01 4.668238e-01 2.796544e-01 3.291546e-01 5.802246e-01 8.356039e-01
69 nan 6.845915e-01 8.044043e-01 3.694494e-01 4.343061e-01 6.266217e-01 5.816668e-01
70 nan 6.412284e-01 9.542192e-01 3.008184e-01 4.729407e-01 7.205730e-02 4.863279e-01
71 nan 4.622332e-01 5.272399e-01 1.982399e-01 5.171535e-01 4.341541e-01 6.148636e-01
72 nan 6.342433e-01 3.389028e-01 7.467056e-01 6.519076e-01 5.612658e-01 6.159410e-01
73 nan 7.083717e-01 6.704337e-01 3.683249e-01 8.232451e-01 4.774918e-01 2.920915e-01
74 nan 6.570915e-01 9.965903e-01 4.858535e-02 4.815128e-01 7.574692e-01 8.431356e-01
75 nan 3.423485e-01 7.254614e-01 1.108861e-01 3.063307e-01 6.395149e-01 7.963173e-01
76 nan 5.282647e-01 5.631883e-01 3.687029e-01 5.683336e-01 7.903916e-01 7.867335e-01
77 nan 4.372192e-01 8.413114e-01 5.818086e-01 7.342537e-01 5.440442e-01 4.078494e-01
78 nan 4.768935e-01 5.847989e-01 1.953539e-01 5.941558e-01 4.827084e-01 7.593679e-01
79 nan 4.641737e-01 4.739927e-01 3.660851e-01 5.200600e-01 6.725973e-01 7.158116e-01
80 nan 6.607824e-01 8.071103e-01 1.114426e-03 5.249439e-01 6.514357e-01 7.568236e-01
81 nan 4.607597e-01 9.536336e-01 1.810104e-01 1.148458e-01 4.405784e-01 5.403880e-01
82 nan 6.365145e-01 6.165111e-01 2.755214e-01 6.333836e-01 5.497464e-01 7.419159e-01
83 nan 6.821406e-01 8.677957e-01 5.801481e-02 2.796301e-01 6.860650e-01 9.474119e-01
84 nan 3.343776e-01 8.456467e-01 6.477875e-01 1.000699e-01 7.265592e-01 5.645098e-01
85 nan 4.925996e-01 6.099798e-01 4.340298e-01 6.302196e-01 5.091666e-01 4.799796e-01
86 nan 4.766538e-01 5.824234e-01 4.757282e-01 6.132547e-01 8.019517e-01 6.764720e-01
87 nan 4.718056e-01 9.384740e-01 2.177580e-01 4.782753e-01 8.113670e-01 8.355972e-01
88 nan 4.714708e-01 4.866917e-01 2.674687e-01 3.744389e-01 7.054376e-01 7.542080e-01
89 nan 5.787059e-01 5.201419e-01 2.858156e-01 1.946534e-01 4.141898e-01 2.398415e-01
90 nan 3.536548e-01 5.935357e-01 3.160594e-01 5.271053e-01 4.522136e-01 7.830903e-01
91 nan 6.414164e-01 7.742789e-01 1.805014e-01 6.771274e-01 6.217388e-01 7.900386e-01
92 nan 5.710141e-01 5.515093e-01 5.708347e-01 8.193775e-01 4.553254e-01 5.413361e-01
93 nan 5.454876e-01 6.728847e-01 1.505203e-01 6.984199e-01 7.637776e-01 6.271989e-01
94 nan 8.790593e-01 6.117744e-01 1.675123e-01 4.189875e-01 5.315545e-01 5.820282e-01
95 nan 5.618818e-01 9.358624e-01 4.603328e-01 5.711159e-01 8.215271e-01 7.729231e-01
96 nan 5.250119e-01 9.398153e-01 3.065929e-01 5.137504e-01 6.397825e-01 6.911062e-01
97 nan 6.662382e-01 6.781835e-01 1.948685e-01 2.574685e-01 6.106146e-01 5.877881e-01
98 nan 3.888694e-01 6.755058e-01 5.357509e-01 3.446663e-01 9.087984e-01 9.888366e-01
99 nan 6.713799e-01 7.868929e-01 3.951618e-01 4.959715e-01 7.124308e-01 7.124617e-01
100 nan 4.406435e-01 6.978814e-01 3.232830e-01 6.721929e-01 7.518126e-01 7.764967e-01
101 nan 6.846969e-01 8.401024e-01 1.944786e-01 6.478101e-01 6.159498e-01 7.930852e-01
102 nan 4.150034e-01 4.639619e-01 2.074650e-01 4.468976e-01 8.454405e-01 6.754908e-01
103 nan 5.226787e-01 7.745906e-01 2.777943e-01 3.153995e-01 6.605158e-01 6.473162e-01
104 nan 5.681891e-01 9.764673e-01 3.216458e-01 5.969059e-01 8.022076e-01 8.789629e-01
105 nan 5.803178e-01 9.765240e-01 1.601562e-01 6.646141e-01 6.685793e-01 6.970932e-01
106 nan 5.609395e-01 8.803672e-01 1.072089e-01 3.897576e-01 8.421715e-01 6.265425e-01
107 nan 5.737771e-01 8.903319e-01 2.296700e-01 7.055112e-01 5.305524e-01 3.742514e-01
108 nan 5.853458e-01 7.690132e-01 1.467404e-01 6.746395e-01 7.950027e-01 6.510689e-01
109 nan 5.107710e-01 7.992378e-01 2.978403e-02 5.011359e-01 4.791250e-01 7.244290e-01
110 nan 4.972101e-01 7.108497e-01 4.856929e-01 3.243396e-01 7.573423e-01 7.425540e-01
111 nan 3.384220e-01 9.585828e-01 9.374325e-02 4.218802e-01 5.695707e-01 3.899282e-01
112 nan 4.852652e-01 8.420292e-01 1.005537e-01 5.737832e-01 5.782274e-01 7.612061e-01
113 nan 5.133439e-01 7.134046e-01 6.182512e-01 4.603767e-01 3.276703e-01 6.577288e-01
114 nan 2.824630e-01 9.670552e-01 1.188471e-01 2.391974e-01 7.967786e-01 6.988585e-01
115 nan 2.762611e-01 7.031660e-01 6.293328e-01 5.616009e-01 8.135098e-01 8.380553e-01
116 nan 3.233751e-01 9.046272e-01 3.085111e-01 2.608026e-01 8.301293e-01 6.976534e-01
117 nan 5.781004e-01 7.562291e-01 4.148084e-01 3.993277e-01 2.240340e-01 5.481120e-01
118 nan 4.236975e-01 9.436453e-01 3.017238e-01 3.427992e-01 8.328155e-01 8.073431e-01
119 nan 6.987043e-01 9.595368e-01 4.441681e-01 6.349518e-01 9.281675e-01 8.585837e-01
120 nan 5.175019e-01 8.054338e-01 3.487470e-01 1.925610e-01 7.056921e-01 7.995511e-01
121 nan 7.350824e-01 8.486314e-01 3.807105e-01 5.665171e-01 3.866068e-01 4.614701e-01
122 nan 6.753725e-01 9.274609e-01 3.837389e-01 4.088058e-01 4.601710e-01 5.783750e-01
123 nan 3.988324e-01 3.361023e-01 4.688681e-01 2.154584e-01 2.923575e-01 3.296244e-01
124 nan 7.785447e-01 9.750316e-01 1.758884e-01 6.805535e-01 2.704118e-01 6.122216e-01
125 nan 1.957118e-01 8.188649e-01 3.840761e-01 1.774033e-01 7.871564e-01 6.733940e-01
126 nan 3.431648e-01 8.069167e-01 1.964198e-02 6.507993e-01 7.176419e-01 7.366963e-01
127 nan 6.155407e-01 5.425364e-01 3.263658e-01 7.192340e-01 5.063708e-01 6.427050e-01
128 nan 3.826572e-01 8.936755e-01 4.969609e-01 5.568826e-01 7.331138e-01 7.798581e-01
129 nan 6.847176e-01 7.042569e-01 2.147733e-01 6.029625e-01 6.216175e-01 6.574917e-01
130 nan 2.065573e-01 9.378507e-01 4.813252e-01 3.937907e-01 7.007183e-01 7.390202e-01
131 nan 7.162661e-01 6.574560e-01 5.874455e-02 7.252401e-01 5.512719e-01 6.262873e-01
132 nan 4.836326e-01 5.584988e-01 5.747976e-01 5.210579e-01 5.607486e-01 8.063105e-01
133 nan 4.810205e-01 5.651482e-01 2.518354e-01 5.843880e-01 4.266982e-01 7.044112e-01
134 nan 3.053897e-01 9.535202e-01 2.043438e-01 5.245944e-01 5.821867e-01 6.308057e-01
135 nan 5.469508e-01 9.625593e-01 1.622588e-01 5.639831e-01 6.901327e-01 7.304458e-01
136 nan 6.645932e-01 6.709296e-01 3.078337e-01 4.582567e-01 7.770163e-01 8.683117e-01
137 nan 4.842196e-01 9.211846e-01 3.320170e-01 3.883365e-01 8.684821e-01 8.379990e-01
138 nan 4.235157e-01 6.141971e-01 2.406104e-01 3.202605e-01 5.070701e-01 5.888605e-01
139 nan 6.154250e-01 8.221565e-01 6.854565e-01 4.831086e-01 5.483057e-01 6.792716e-01
140 nan 1.863543e-01 7.093999e-01 1.213445e-01 4.320665e-01 5.423304e-01 1.073194e-01
141 nan 4.932753e-01 7.334898e-01 2.832293e-01 3.350410e-01 7.720618e-01 5.570411e-01
142 nan 5.717456e-01 7.130599e-01 4.475301e-01 6.293873e-01 6.829353e-01 7.136137e-01
143 nan 5.221972e-01 7.857028e-01 1.191422e-01 4.811127e-01 6.584641e-01 9.186887e-01
144 nan 4.039864e-01 8.797061e-01 1.185360e-02 7.220025e-01 8.121643e-01 5.428610e-01
145 nan 8.430924e-01 9.922030e-01 2.272708e-02 4.413883e-01 7.439794e-01 7.074842e-01
146 nan 5.702556e-01 8.206736e-01 3.246592e-01 6.428893e-01 5.493340e-01 6.933290e-01
147 nan 3.768873e-01 7.233929e-01 7.357590e-02 4.230483e-01 4.902747e-01 6.036339e-01
148 nan 6.951787e-01 9.791639e-01 2.021750e-01 5.153232e-01 8.396597e-01 5.883748e-01
149 nan 4.799417e-01 6.337722e-01 3.553581e-01 7.677698e-01 5.145536e-01 6.721094e-01
150 nan 2.668809e-01 8.976566e-01 4.459089e-01 6.481734e-01 7.082391e-01 4.244776e-01
151 nan 7.684267e-01 4.382710e-01 7.088631e-01 7.259161e-01 7.344173e-01 7.939769e-01
152 nan 3.309058e-01 8.220007e-01 3.544611e-01 3.808037e-01 7.035700e-01 7.624376e-01
153 nan 6.998967e-01 9.469086e-01 1.269390e-02 5.020005e-01 7.819757e-01 8.818868e-01
154 nan 7.456116e-01 6.772579e-01 4.985956e-01 7.028347e-01 7.528933e-01 7.242450e-01
155 nan 3.720970e-01 5.554338e-01 4.294319e-02 4.537453e-01 6.359707e-01 7.345134e-01
156 nan 8.575027e-01 8.978456e-01 5.212409e-02 4.687328e-01 4.975493e-01 6.561608e-01
157 nan 5.635930e-01 9.554895e-01 1.154222e-01 6.906939e-01 5.248778e-01 7.161862e-01
158 nan 3.794974e-01 6.869014e-01 8.466448e-02 5.926474e-01 4.888961e-01 6.444636e-01
159 nan 6.912645e-01 9.571283e-01 2.811318e-02 3.967891e-01 4.436653e-01 5.872510e-01
160 nan 2.731158e-01 9.057937e-01 6.825409e-02 6.269223e-01 8.617117e-01 5.269488e-01
161 nan 6.477567e-01 9.553006e-01 1.014274e-01 5.249761e-01 6.581309e-01 7.234262e-01
162 nan 7.045568e-01 7.697168e-01 2.908795e-01 7.134533e-01 5.990372e-01 6.607388e-01
163 nan 6.056852e-01 6.856310e-01 3.262753e-01 5.640705e-01 7.976324e-01 8.890572e-01
164 nan 1.645643e-01 5.950989e-01 1.097817e-01 3.012812e-01 5.242792e-01 5.204762e-01
165 nan 6.448139e-01 9.310218e-01 3.551407e-01 5.943812e-01 9.285510e-01 8.062525e-01
166 nan 6.164335e-01 7.735421e-01 9.085942e-02 6.343402e-01 6.438136e-01 6.924754e-01
167 nan 5.212218e-01 8.911820e-01 1.905006e-02 5.521274e-01 5.550313e-01 5.199905e-01
168 nan 7.195726e-01 6.394110e-01 2.319582e-01 5.870277e-01 5.005293e-01 4.254157e-01
169 nan 4.739156e-01 7.925884e-01 5.610381e-02 6.327812e-01 6.747773e-01 7.490581e-01
170 nan 2.355577e-01 4.245754e-01 8.097148e-01 4.779028e-01 3.073108e-01 1.618485e-01
171 nan 5.494410e-01 5.833018e-01 1.269855e-01 4.584314e-01 5.152260e-01 7.091119e-01
172 nan 3.991899e-01 7.910157e-01 1.150037e-02 4.642351e-01 5.243075e-01 7.714694e-01
173 nan 6.755978e-01 9.212366e-01 4.856737e-01 6.074556e-01 3.562823e-01 5.209602e-01
174 nan 6.430387e-01 5.608884e-01 2.346390e-01 3.948438e-01 5.144522e-01 5.782938e-01
175 nan 6.007357e-01 8.074220e-01 3.120477e-01 7.695035e-01 6.065732e-01 4.975361e-01
176 nan 3.682986e-01 8.607260e-01 1.130873e-01 5.498694e-01 4.177395e-01 5.150611e-01
177 nan 3.073054e-01 5.302388e-01 2.289528e-01 5.616515e-01 3.201047e-01 3.753056e-01
178 nan 5.891649e-01 9.517870e-01 2.332662e-02 4.676290e-01 6.640420e-01 8.162457e-01
179 nan 2.180744e-01 9.708285e-01 3.093085e-01 6.263934e-01 6.529137e-01 5.758473e-01
180 nan 5.561367e-01 8.285934e-01 3.486996e-01 3.192763e-01 6.972934e-01 9.248845e-01
181 nan 3.391969e-01 9.606938e-01 5.429228e-01 2.986369e-01 7.320669e-01 8.510984e-01
182 nan 3.413854e-01 7.894526e-01 1.076073e-01 4.155706e-01 6.180595e-01 7.892662e-01
183 nan 4.014197e-01 9.754189e-01 3.130602e-01 3.917580e-01 5.171826e-01 7.909950e-01
184 nan 2.987580e-01 7.310057e-01 2.230102e-01 6.631471e-01 6.421480e-01 4.304546e-01
185 nan 3.081341e-01 3.223124e-01 5.520186e-01 7.465693e-02 6.801850e-01 2.731096e-01
186 nan 4.391246e-01 7.877146e-01 5.008827e-01 8.081196e-01 6.350638e-01 4.455596e-01
187 nan 4.112216e-01 2.952566e-01 4.946985e-01 4.005969e-01 4.139332e-01 2.648965e-01
188 nan 8.499411e-01 9.622948e-01 3.115084e-01 6.552141e-01 6.242989e-01 6.893940e-01
189 nan 3.313026e-01 8.435357e-01 2.193041e-01 4.043449e-01 5.639514e-01 6.661457e-01
190 nan 5.799004e-01 8.080832e-01 3.042030e-01 3.996910e-01 6.244996e-01 7.941261e-01
191 nan 6.441609e-01 9.122778e-01 9.710696e-02 5.374848e-01 5.021804e-01 7.676886e-01
192 nan 3.004464e-01 7.445029e-01 3.492897e-01 4.674451e-01 4.496378e-01 6.085601e-01
193 nan 6.706070e-01 8.846601e-01 1.187130e-01 5.503891e-01 6.844774e-01 6.164234e-01
194 nan 4.259253e-01 5.652804e-01 7.437256e-02 5.546613e-01 5.998283e-01 5.812044e-01
195 nan 3.788051e-01 8.166122e-01 6.581894e-01 7.951050e-01 5.131963e-01 2.468826e-01
196 nan 3.954907e-01 9.432439e-01 3.609097e-01 8.024447e-02 1.020224e-01 3.892785e-01
197 nan 3.447622e-01 8.800178e-01 4.069652e-01 7.296365e-01 5.840950e-01 5.628308e-01
198 nan 7.839530e-01 4.783941e-01 3.866901e-01 5.347531e-01 6.471998e-01 5.629534e-01
199 nan 4.122838e-01 8.818879e-01 1.170559e-01 5.191034e-01 8.733628e-01 8.562930e-01
200 nan 4.444027e-01 9.820022e-01 1.533435e-01 4.402018e-01 7.784508e-01 9.030483e-01
201 nan 5.604332e-01 8.039415e-01 5.964198e-01 6.910342e-01 3.012183e-01 4.912823e-01
202 nan 5.319391e-01 8.041823e-01 2.149541e-01 5.641211e-01 6.206512e-01 6.453421e-01
203 nan 4.283784e-01 9.047453e-01 2.150713e-02 6.620985e-01 6.134312e-01 6.426901e-01
204 nan 4.214243e-01 7.704158e-01 4.458069e-01 4.829247e-01 6.366397e-01 5.825685e-01
205 nan 3.486371e-01 9.709041e-01 4.163463e-01 8.648964e-02 1.000000e+00 8.560643e-01
206 nan 3.565500e-01 8.787096e-01 2.009570e-01 3.664048e-01 7.974972e-01 9.280371e-01
207 nan 7.177623e-01 7.070197e-01 1.179559e-01 3.677569e-01 4.613406e-01 4.756983e-01
208 nan 6.901693e-01 8.142603e-01 2.587409e-01 4.162972e-01 8.369631e-01 8.207094e-01
209 nan 3.573250e-01 6.184049e-01 1.161384e-02 5.641073e-01 7.072818e-01 3.494582e-01
210 nan 4.302734e-01 7.177116e-01 5.044202e-01 3.597182e-01 6.671014e-01 4.513709e-01
211 nan 7.212590e-01 5.849736e-01 3.481822e-03 6.232663e-01 4.862016e-01 5.971166e-01
212 nan 2.759305e-01 9.780352e-01 9.417272e-02 5.328400e-01 6.262872e-01 8.387598e-01
213 nan 1.974333e-01 7.866993e-01 1.215481e-01 3.503274e-01 5.563830e-01 8.080476e-01
214 nan 4.217653e-01 7.573153e-01 4.016083e-01 5.495199e-01 5.468277e-01 6.848060e-01
215 nan 3.967947e-01 1.690217e-01 7.047781e-01 3.311872e-01 4.283610e-01 2.981895e-01
216 nan 5.669884e-01 8.199133e-01 2.320270e-01 4.416090e-01 4.298155e-01 7.215632e-01
217 nan 2.885594e-01 4.369203e-01 8.612968e-01 3.603390e-01 4.977817e-01 4.067438e-01
218 nan 4.981814e-01 5.350275e-01 7.128523e-02 7.917571e-01 5.956724e-01 3.738404e-01
219 nan 6.838992e-01 9.479617e-01 8.847425e-03 5.522930e-01 4.164684e-01 4.186332e-01
220 nan 5.015892e-01 7.433034e-01 4.075805e-01 6.101045e-01 9.324738e-01 8.373492e-01
221 nan 4.328277e-01 8.349359e-01 5.094000e-02 3.488374e-01 6.348955e-01 6.923544e-01
222 nan 4.477877e-02 7.536789e-01 3.716858e-02 3.212124e-01 7.051997e-01 5.999592e-01
223 nan 5.031474e-01 9.252035e-01 6.437468e-02 7.065045e-01 8.580282e-01 6.126393e-01
224 nan 5.387526e-01 6.562848e-01 3.470568e-01 3.284601e-01 8.834609e-01 8.474899e-01
225 nan 5.752340e-01 8.835691e-01 1.477885e-01 6.052436e-01 7.283213e-01 7.426999e-01
226 nan 5.030110e-01 8.969435e-01 1.064152e-02 4.202752e-01 4.584634e-01 6.636793e-01
227 nan 4.359834e-01 5.316272e-01 3.084153e-01 4.035034e-01 6.981989e-01 7.667190e-01
228 nan 5.150716e-01 4.009672e-01 3.912458e-01 1.422915e-01 5.236565e-01 5.513989e-01
229 nan 5.268015e-01 7.143302e-01 1.976767e-01 1.690657e-01 8.071670e-01 8.254300e-01
230 nan 5.928930e-01 6.740276e-01 2.619118e-01 6.634368e-01 6.352748e-01 7.159293e-01
231 nan 6.053793e-01 7.998517e-01 1.707964e-01 6.137789e-01 8.049414e-01 8.344154e-01
232 nan 5.698609e-01 9.724531e-01 1.957493e-01 5.535898e-01 5.654893e-01 8.226056e-01
233 nan 7.276096e-01 7.765268e-01 3.958030e-01 7.516050e-01 4.521502e-01 3.614040e-01
234 nan 5.897869e-01 7.930228e-01 4.018639e-02 2.547736e-01 5.439753e-01 6.390270e-01
235 nan 3.725041e-01 4.921983e-01 5.561706e-01 5.887844e-01 6.060601e-01 2.386746e-01
236 nan 6.040856e-01 9.954994e-01 2.873963e-01 3.601597e-01 3.574885e-01 6.951108e-01
237 nan 2.150778e-01 7.250033e-01 1.264961e-01 3.330313e-01 6.133181e-01 6.783185e-01
238 nan 2.789787e-01 9.515651e-01 1.750124e-01 5.772828e-01 6.372873e-01 6.183196e-01
239 nan 1.645891e-01 8.937936e-01 4.112092e-01 4.747664e-01 7.839143e-01 8.237891e-01
240 nan 6.566492e-01 9.394138e-01 5.053465e-01 8.136106e-01 8.957831e-01 5.416908e-01
241 nan 5.091033e-01 9.268612e-01 1.802280e-01 3.980216e-01 7.754315e-01 6.120376e-01
242 nan 3.574552e-01 4.562357e-01 9.715374e-02 2.006779e-01 5.411897e-01 4.807454e-01
243 nan 6.248507e-01 7.637664e-01 2.399757e-01 5.738981e-01 6.200857e-01 7.228859e-01
244 nan 2.783112e-01 9.027051e-01 4.234847e-01 1.828437e-01 7.533133e-01 7.284170e-01
245 nan 5.278617e-01 9.464080e-01 1.738039e-01 3.284739e-01 4.899947e-01 6.552193e-01
246 nan 6.771064e-01 2.519882e-01 8.891973e-01 7.217818e-01 4.194933e-01 2.500501e-01
247 nan 4.986939e-01 4.444387e-01 2.842147e-01 3.599389e-01 4.457115e-01 6.305272e-01
248 nan 6.119697e-01 7.764607e-01 2.616864e-01 6.190905e-01 7.364304e-01 8.039403e-01
249 nan 5.536031e-01 6.861033e-01 4.585376e-01 2.432444e-01 6.912713e-01 7.805261e-01
250 nan 5.010478e-01 8.893638e-01 6.869649e-01 2.491998e-01 5.357083e-01 8.107112e-01
251 nan 3.874145e-01 7.726732e-01 1.450952e-01 4.573783e-01 3.341800e-01 6.714630e-01
252 nan 8.074872e-01 8.278709e-01 8.717402e-02 5.403223e-01 3.945537e-01 6.573359e-01
253 nan 7.151398e-01 9.556832e-01 1.475069e-01 8.619762e-01 6.901120e-01 3.893431e-01
254 nan 4.071008e-01 4.966895e-01 1.113564e-02 6.591323e-01 4.403846e-01 5.790761e-01
255 nan 3.867077e-01 5.988345e-01 6.561488e-02 6.713927e-01 4.823498e-01 5.521182e-01
256 nan 5.237451e-01 3.155118e-01 3.752259e-01 4.815956e-01 4.631655e-01 6.166223e-01
257 nan 6.112112e-01 9.032954e-01 6.647212e-02 6.050964e-01 7.625851e-01 8.444219e-01
258 nan 7.805596e-01 6.669248e-01 3.390578e-01 6.003642e-01 5.960351e-01 7.863987e-01
259 nan 5.328938e-01 7.170505e-01 1.134007e-01 3.844873e-01 6.869340e-01 8.924402e-01
260 nan 3.455207e-01 9.520562e-01 2.760182e-01 2.038188e-01 4.792422e-01 6.339268e-01
261 nan 4.681684e-01 7.574334e-01 8.039014e-03 6.413395e-01 6.543164e-01 7.650582e-01
262 nan 4.249706e-01 5.803408e-01 2.502777e-01 6.751131e-01 1.275358e-01 3.327504e-01
263 nan 5.250780e-01 6.965355e-01 8.634474e-02 5.678185e-01 4.724614e-01 7.847909e-01
264 nan 6.309740e-01 1.820466e-01 6.667120e-01 3.879272e-01 5.477070e-01 4.702914e-01
265 nan 5.395255e-01 9.817991e-01 4.545220e-02 6.006723e-01 6.089787e-01 7.295673e-01
266 nan 4.886152e-01 8.929010e-01 4.509912e-01 5.960735e-01 7.104611e-01 5.190772e-01
267 nan 4.854822e-01 4.715653e-01 1.596907e-01 2.894853e-01 4.811988e-01 4.582148e-01
268 nan 6.524045e-01 8.855999e-01 1.144867e-01 7.913754e-01 9.563037e-01 6.671136e-01
269 nan 4.169419e-01 7.061460e-01 7.456466e-01 3.117619e-01 6.118587e-01 4.990826e-01
270 nan 5.594743e-01 8.991915e-01 1.241024e-02 5.628334e-01 3.633727e-01 6.179615e-01
271 nan 5.602472e-01 8.868750e-01 7.622045e-02 4.193370e-01 5.088549e-01 8.083791e-01
272 nan 5.665978e-01 9.712252e-01 2.179616e-01 4.056280e-01 8.135622e-01 8.748688e-01
273 nan 6.060282e-01 7.800310e-01 2.928596e-01 5.997710e-01 8.171754e-01 6.533347e-01
274 nan 6.884788e-01 9.133121e-01 3.546184e-01 6.112358e-01 4.281237e-01 5.394133e-01
275 nan 3.606212e-01 6.930124e-01 4.556181e-01 4.514367e-01 4.951693e-01 7.120573e-01
276 nan 5.979665e-01 9.683256e-01 5.611795e-01 5.115430e-01 4.351804e-01 6.858204e-01
277 nan 4.876294e-01 8.518994e-01 3.301777e-01 6.644577e-01 6.405790e-01 6.605847e-01
278 nan 4.255409e-01 7.590438e-01 3.345553e-01 2.618833e-01 5.960379e-01 7.126043e-01
279 nan 7.398748e-01 3.491887e-01 7.466894e-01 8.905439e-01 4.344576e-01 3.364699e-01
280 nan 3.731799e-01 9.216285e-01 2.611654e-01 3.689158e-01 6.844354e-01 8.260549e-01
281 nan 8.255244e-01 8.846742e-01 2.008293e-01 5.184780e-01 5.021852e-01 7.567987e-01
282 nan 4.733514e-01 8.975244e-01 2.950831e-01 4.675647e-01 7.159633e-01 5.048855e-01
283 nan 8.397570e-01 5.971957e-01 3.735761e-01 4.282081e-01 6.214602e-01 5.372238e-01
284 nan 6.418360e-01 5.720054e-01 5.057581e-01 4.183023e-01 7.821440e-01 6.337478e-01
285 nan 4.453801e-01 7.493624e-01 3.607162e-01 7.045776e-01 6.100960e-01 6.422276e-01
286 nan 5.585154e-01 9.208210e-01 2.772560e-01 6.915125e-01 7.945537e-01 5.462937e-01
287 nan 6.194300e-01 5.545129e-01 4.427729e-01 5.077766e-01 6.466846e-01 9.048434e-01
288 nan 6.211267e-01 7.417543e-01 1.895995e-01 3.806105e-01 8.677586e-01 8.665033e-01
289 nan 5.708673e-01 5.789854e-01 2.792294e-01 4.947758e-01 5.254192e-01 5.976652e-01
290 nan 6.609849e-01 6.034815e-01 2.977179e-01 7.740839e-01 6.226485e-01 4.053366e-01
291 nan 3.557027e-01 4.932325e-01 2.690606e-01 4.928535e-01 5.341124e-01 6.790395e-01
292 nan 4.134493e-01 7.392892e-01 1.847607e-01 3.659128e-01 9.086756e-01 9.449107e-01
293 nan 5.317758e-01 4.356074e-01 3.949006e-01 4.630440e-01 5.862530e-01 6.913897e-01
294 nan 4.475418e-01 8.921076e-01 4.399504e-01 2.278246e-01 6.244182e-01 6.078838e-01
295 nan 6.171878e-01 7.969237e-01 2.825240e-01 4.682913e-01 3.631720e-01 6.798683e-01
296 nan 7.253756e-01 4.616384e-01 1.134056e-01 5.291472e-01 4.411156e-01 1.654205e-03
297 nan 4.400690e-01 7.639128e-01 5.562058e-02 6.801580e-01 8.178312e-01 4.318287e-01
298 nan 3.877555e-01 8.456609e-01 1.703158e-01 4.132022e-01 5.688080e-01 6.545961e-01
299 nan 7.511501e-01 6.753594e-01 1.797964e-01 5.401981e-01 6.440715e-01 8.399432e-01
300 nan 5.324454e-01 8.591439e-01 1.884450e-01 2.106159e-01 7.991938e-01 6.824855e-01
301 nan 4.000372e-01 9.639619e-01 1.246884e-01 3.321668e-01 5.204102e-01 7.757110e-01
302 nan 3.857261e-01 8.936047e-01 1.188403e-01 3.717486e-01 7.432339e-01 8.389139e-01
303 nan 5.272872e-01 6.137720e-01 6.113518e-01 8.316103e-01 5.185819e-01 5.161036e-01
304 nan 6.126144e-01 4.571802e-01 2.942641e-01 3.471313e-01 7.155991e-01 7.813632e-01
305 nan 5.253343e-01 4.434894e-01 2.954104e-01 6.776333e-01 4.041752e-01 6.526418e-01
306 nan 3.738887e-01 9.126887e-01 5.194984e-01 2.577950e-01 3.630707e-01 6.013200e-01
307 nan 4.996983e-01 7.369515e-01 1.690619e-01 3.525073e-01 6.873450e-01 8.301191e-01
308 nan 4.287111e-01 6.465232e-01 2.035679e-01 3.211940e-01 6.508205e-01 6.500428e-01
309 nan 8.098638e-01 7.405879e-01 4.906790e-01 7.256080e-01 6.266251e-01 6.470361e-01
310 nan 5.386493e-01 9.123345e-01 1.677021e-03 7.148100e-01 6.594227e-01 6.169637e-01
311 nan 6.504123e-01 5.904188e-01 7.274015e-01 8.938689e-01 7.052570e-01 6.732001e-01
312 nan 6.624439e-01 5.310274e-01 7.223623e-01 6.382032e-01 6.625027e-01 6.374706e-01
313 nan 6.995288e-01 8.201400e-01 3.623441e-03 5.384230e-01 4.226154e-01 5.161650e-01
314 nan 6.919217e-01 9.580775e-01 3.196008e-01 6.406221e-01 6.974969e-01 8.241189e-01
315 nan 5.514435e-01 9.018173e-01 1.669733e-01 4.596547e-01 6.543557e-01 6.282597e-01
316 nan 5.797619e-01 5.426025e-01 5.605112e-01 6.168371e-01 7.115149e-01 6.137299e-01
317 nan 6.161524e-01 8.487636e-01 8.281549e-02 3.774420e-01 7.379511e-01 7.020111e-01
318 nan 4.916221e-01 9.269131e-01 5.161764e-02 6.674607e-01 2.953748e-01 5.411504e-01
319 nan 4.268470e-01 1.886866e-01 6.196733e-01 5.399636e-01 4.723573e-01 6.811760e-01
320 nan 3.719358e-01 7.915872e-01 4.664683e-02 3.220678e-01 6.929368e-01 7.291215e-01
321 nan 5.778441e-01 1.715860e-01 9.111545e-01 5.251830e-01 5.775039e-01 4.831107e-01
322 nan 4.974808e-01 8.317103e-01 6.691559e-02 2.511635e-01 6.422294e-01 6.742211e-01
323 nan 4.422906e-01 3.223218e-01 5.376219e-01 6.222499e-01 3.667038e-01 1.177021e-01
324 nan 1.000000e+00 9.559901e-01 3.616386e-01 6.576975e-01 4.496033e-01 5.539200e-01
325 nan 1.028457e-01 8.016321e-01 7.407755e-01 6.054781e-02 2.689421e-01 3.159332e-01
326 nan 7.270619e-01 8.382275e-01 2.532024e-01 3.715095e-01 6.369845e-01 6.520551e-01
327 nan 9.033747e-01 6.364358e-01 5.183656e-03 7.321429e-01 8.537585e-01 5.329241e-01
328 nan 5.356445e-01 1.657678e-01 6.940906e-01 7.913294e-01 6.189512e-02 1.969233e-01
329 nan 6.258488e-01 2.816083e-01 7.617835e-01 7.141707e-01 5.255944e-01 4.767176e-01
330 nan 5.516481e-01 7.782269e-01 3.635667e-01 5.691936e-01 5.749997e-01 7.771663e-01
331 nan 4.117568e-01 5.995287e-01 8.271195e-02 3.533534e-01 2.586137e-01 5.486573e-01
332 nan 5.829486e-01 7.476481e-01 6.931026e-02 5.288391e-01 8.642655e-01 9.111122e-01
333 nan 5.044514e-01 9.113380e-01 5.803295e-01 1.144182e-01 6.444756e-01 6.809456e-01
334 nan 5.818988e-01 8.175709e-01 9.862540e-02 5.475562e-01 9.068832e-01 8.027717e-01
335 nan 5.260700e-01 5.810350e-01 5.499573e-01 4.291141e-01 6.504895e-01 6.258464e-01
336 nan 3.024179e-01 9.914285e-01 1.570487e-01 3.873524e-01 2.172629e-01 5.773175e-01
337 nan 5.866065e-01 8.088199e-01 1.369147e-01 5.248013e-01 8.145270e-01 7.848075e-01
338 nan 3.575627e-01 9.280654e-01 2.088463e-02 6.530711e-01 5.682935e-01 5.132361e-01
339 nan 2.868152e-01 7.612492e-01 3.330726e-01 2.817363e-01 9.075646e-01 9.431040e-01
340 nan 7.092914e-01 6.376636e-01 2.734987e-02 5.057531e-01 5.483691e-01 5.192828e-01
341 nan 6.933849e-01 3.718335e-01 7.078744e-01 8.109709e-01 5.558099e-01 3.701971e-01
342 nan 4.484862e-01 5.331526e-01 6.430305e-01 3.276783e-01 7.921730e-01 6.041793e-01
343 nan 4.832524e-01 5.199955e-01 3.533138e-01 3.837331e-01 7.441491e-01 7.210112e-01
344 nan 3.050921e-01 5.615024e-01 3.280854e-02 4.556584e-01 4.177995e-01 6.745476e-01
345 nan 5.674161e-01 9.040510e-01 3.449352e-01 6.783323e-01 8.574447e-01 6.767041e-01
346 nan 6.170783e-01 8.943272e-01 3.235641e-03 5.624701e-01 4.087622e-01 5.710256e-01
347 nan 6.746265e-01 6.160672e-01 1.524673e-01 5.355579e-01 5.379290e-01 8.027319e-01
348 nan 5.909256e-01 9.702902e-01 3.361682e-01 6.433124e-01 6.239540e-01 6.614847e-01
349 nan 5.545310e-01 8.809009e-01 5.001917e-01 4.479692e-01 5.212909e-01 5.380840e-01
350 nan 5.520263e-01 7.758231e-01 3.020306e-01 4.217284e-01 9.588444e-01 1.000000e+00
351 nan 8.684164e-01 8.388981e-01 1.213096e-01 7.805682e-01 5.287020e-01 3.819788e-01
352 nan 5.574635e-01 9.209202e-01 1.487499e-01 4.083045e-01 8.100711e-01 9.129238e-01
353 nan 4.974540e-01 7.120823e-01 2.115075e-01 5.181147e-01 6.615027e-01 7.491592e-01
354 nan 6.551572e-01 8.888490e-01 3.327592e-02 2.913570e-01 7.412401e-01 7.613105e-01
355 nan 6.511149e-01 7.738585e-01 4.411497e-01 4.552905e-01 6.001966e-01 6.578995e-01
356 nan 5.258427e-01 3.155496e-01 2.597942e-01 6.837313e-01 4.322465e-01 5.806425e-01
357 nan 6.622166e-01 5.541162e-01 5.809459e-02 5.280895e-01 3.629375e-01 5.167020e-01
358 nan 4.228172e-01 6.835625e-01 3.460782e-02 3.980676e-01 4.300410e-01 6.653915e-01
359 nan 6.498026e-01 8.500057e-01 1.477477e-01 7.838518e-01 3.729480e-01 5.120377e-01
360 nan 4.187419e-01 3.426195e-01 3.323382e-01 2.692230e-01 5.187461e-01 7.361477e-01
361 nan 5.548492e-01 8.142887e-01 5.088110e-02 5.157141e-01 5.316689e-01 9.136333e-01
362 nan 9.275434e-01 7.174566e-01 5.007173e-01 7.988669e-01 6.242347e-01 5.834056e-01
363 nan 5.788609e-01 7.496411e-01 1.377567e-01 4.354098e-01 5.109687e-01 6.064252e-01
364 nan 5.959846e-01 4.188139e-01 2.716673e-01 4.236231e-01 6.514550e-01 5.704670e-01
365 nan 4.791420e-01 7.725882e-01 1.310937e-01 3.373312e-01 8.162160e-01 8.401786e-01
366 nan 5.370001e-01 7.238841e-01 3.043518e-01 5.333643e-01 5.781205e-01 4.475784e-01
367 nan 4.713427e-01 8.763577e-01 2.614739e-01 6.852443e-01 8.053338e-01 4.490669e-01
368 nan 4.293724e-01 3.380622e-01 4.838284e-01 1.510062e-01 6.879402e-01 6.429951e-01
369 nan 5.637934e-01 5.780125e-01 4.525861e-01 6.111392e-01 8.290251e-01 7.503543e-01
370 nan 6.144888e-01 8.264824e-01 3.593775e-01 6.163818e-01 7.510850e-01 6.341273e-01
371 nan 5.888280e-01 6.338431e-01 3.316246e-01 5.944502e-01 7.361938e-01 6.823777e-01
372 nan 7.344355e-01 9.668238e-01 7.150771e-02 3.695090e-01 7.090439e-01 8.698316e-01
373 nan 6.610449e-01 8.708748e-01 2.127570e-01 3.484511e-01 7.275365e-01 8.184170e-01
374 nan 5.219203e-01 6.824952e-01 7.706302e-01 2.872963e-01 8.401501e-01 7.898414e-01
375 nan 6.343942e-01 8.741570e-01 1.408966e-02 5.699110e-01 3.952413e-01 7.208388e-01
376 nan 6.677530e-01 8.276961e-01 4.267765e-01 8.908061e-01 2.163836e-01 9.756328e-02
377 nan 2.074376e-01 9.859881e-01 1.992887e-01 3.136014e-01 9.177129e-02 1.831526e-01
378 nan 3.519333e-01 8.405227e-01 1.220975e-01 3.570417e-01 6.300251e-01 6.539745e-01
379 nan 4.549753e-01 7.879130e-01 2.571697e-01 3.457470e-01 6.771415e-01 9.221612e-01
380 nan 5.727376e-01 9.868901e-01 9.603738e-03 7.228487e-01 7.198999e-01 6.424879e-01
381 nan 5.276902e-01 9.448306e-01 2.006328e-01 6.376697e-01 9.089487e-01 8.056657e-01
382 nan 2.590258e-01 9.851947e-01 2.334288e-01 5.467606e-01 5.140536e-01 5.914247e-01
383 nan 7.999483e-01 5.984330e-01 2.729394e-01 5.124076e-01 8.672779e-02 3.867906e-01
384 nan 5.534708e-01 6.769226e-01 3.778137e-01 6.738807e-01 6.199423e-01 5.327899e-01
385 nan 5.224369e-01 8.707945e-01 0.000000e+00 6.932370e-01 4.289527e-01 6.600443e-01
386 nan 3.787762e-01 8.555878e-01 1.622373e-01 4.486406e-01 7.182454e-01 7.550119e-01
387 nan 4.382008e-01 9.560185e-01 2.386859e-01 1.742486e-01 5.071190e-01 6.958368e-01
388 nan 9.339871e-01 7.813108e-01 9.475690e-02 4.086264e-01 5.100811e-01 4.580424e-01
389 nan 5.153775e-01 5.666075e-01 5.801429e-01 3.797782e-01 5.410628e-01 6.269967e-01
390 nan 8.632396e-01 8.371413e-01 2.392368e-01 3.327508e-01 6.514743e-01 7.445231e-01
391 nan 4.210234e-01 8.454909e-01 2.794471e-01 3.505620e-01 5.367828e-01 6.556469e-01
392 nan 2.615718e-01 6.396991e-01 6.385636e-01 6.197160e-01 2.298362e-01 1.997494e-01
393 nan 3.964558e-01 8.348981e-01 4.319442e-01 4.844790e-01 7.237827e-01 8.366216e-01
394 nan 3.544111e-01 9.370336e-01 3.632132e-01 3.061514e-01 3.638548e-01 2.472141e-01
395 nan 1.834508e-01 8.559467e-01 2.533662e-01 3.915051e-01 4.682407e-01 6.249099e-01
396 nan 3.324268e-01 9.502616e-01 2.042988e-02 4.778016e-01 8.120836e-01 7.266866e-01
397 nan 3.951291e-01 5.632355e-01 5.221500e-01 3.932940e-01 6.272727e-01 8.122908e-01
398 nan 5.202815e-01 8.873378e-01 1.324957e-01 5.106600e-01 2.678979e-01 4.759684e-01
399 nan 4.176280e-01 7.089748e-01 2.038164e-01 2.459806e-01 5.998903e-01 7.368753e-01
400 nan 4.778627e-01 6.540038e-01 1.796124e-01 4.625566e-01 6.373404e-01 6.263718e-01
401 nan 6.000889e-01 9.424694e-01 2.827464e-01 6.785346e-01 6.597799e-01 8.467573e-01
402 nan 1.844882e-01 7.789495e-01 2.190182e-02 4.529405e-01 4.230009e-01 7.362604e-01
403 nan 3.688276e-01 8.277386e-01 2.557191e-01 6.730299e-01 1.800460e-01 3.017333e-01
404 nan 6.576619e-01 8.290987e-01 8.602775e-02 6.254599e-01 7.245296e-01 7.791172e-01
405 nan 5.150261e-01 5.041323e-01 1.201684e-01 7.271670e-01 5.538781e-01 5.631805e-01
406 nan 8.646449e-01 6.699284e-01 6.914383e-03 7.252768e-01 7.085301e-01 5.334662e-01
407 nan 4.662609e-01 1.100365e-01 6.932380e-01 3.226151e-01 4.908134e-01 4.248489e-01
408 nan 5.037674e-01 9.600941e-01 3.516885e-01 3.544710e-01 4.421087e-01 6.487284e-01
409 nan 3.958689e-01 7.635586e-01 4.338523e-01 3.785457e-01 8.661600e-01 7.225875e-01
410 nan 3.737523e-01 4.454540e-01 3.237092e-01 4.900252e-01 6.639331e-01 6.802412e-01
411 nan 2.874930e-01 6.433544e-01 1.893380e-01 6.911400e-01 4.495412e-01 5.219613e-01
412 nan 7.169605e-01 8.395404e-01 4.867331e-01 7.460864e-01 2.542978e-01 4.425396e-01
413 nan 7.495402e-01 8.121777e-01 4.833380e-01 6.662236e-01 7.054307e-01 2.955905e-01
414 nan 6.110046e-01 8.927782e-01 6.882283e-02 4.939204e-01 3.495843e-01 5.941397e-01
415 nan 8.942115e-03 5.344041e-01 8.007772e-01 8.438339e-02 6.351638e-01 3.300205e-01
416 nan 1.546963e-01 8.527306e-01 9.695633e-02 3.999853e-01 8.219278e-01 7.329072e-01
417 nan 1.570109e-01 5.867777e-01 1.990078e-01 5.147116e-01 5.309958e-01 6.095646e-01
418 nan 2.470066e-01 9.820778e-01 3.954994e-01 5.881314e-01 7.363180e-01 7.779636e-01
419 nan 3.796772e-01 8.496940e-01 2.009358e-02 3.528016e-01 8.292755e-01 7.128629e-01
420 nan 6.401062e-01 8.377741e-01 8.524109e-02 3.620406e-01 4.629572e-01 4.803294e-01
421 nan 4.541218e-01 9.196356e-01 5.696757e-02 5.569056e-01 8.278327e-01 7.595071e-01
422 nan 5.272273e-01 6.613144e-01 8.085038e-01 6.329237e-01 7.338262e-01 7.301773e-01
423 nan 5.788692e-01 3.279134e-01 5.337364e-01 6.918988e-01 6.601868e-01 5.380376e-01
424 nan 6.319721e-01 9.312012e-01 3.142011e-01 5.499292e-01 5.702266e-01 5.178523e-01
425 nan 5.778875e-01 7.771360e-01 4.464782e-01 4.315974e-01 4.988679e-01 8.476109e-01
426 nan 6.506107e-01 5.163166e-01 6.971675e-01 8.094395e-01 9.123591e-01 8.527343e-01
427 nan 2.957139e-01 8.701239e-01 4.374108e-02 6.070371e-01 7.609493e-01 8.297561e-01
428 nan 6.265928e-01 8.009048e-01 5.495919e-02 5.819736e-01 4.021945e-01 6.506760e-01
429 nan 5.346050e-01 6.119208e-01 5.462209e-01 6.250322e-01 6.496950e-01 5.765584e-01
430 nan 5.593523e-01 3.613918e-01 5.498057e-01 2.443297e-01 6.796643e-01 5.959861e-01
431 nan 5.296989e-01 7.347555e-01 4.208679e-01 6.055011e-01 1.212964e-01 5.859499e-01
432 nan 5.925396e-01 6.205490e-01 6.223013e-02 4.726049e-01 3.953296e-01 5.758456e-01
433 nan 6.535060e-01 4.665357e-01 3.879893e-01 6.734668e-01 2.451743e-01 4.168082e-01
434 nan 2.388704e-01 9.028326e-01 1.463259e-01 3.237510e-01 7.849971e-01 6.966473e-01
435 nan 3.897022e-01 1.679685e-01 7.047999e-01 7.610095e-01 5.228116e-01 2.949408e-01
436 nan 5.228316e-01 8.684616e-01 9.292345e-03 7.188707e-01 3.628038e-01 9.433277e-02
437 nan 5.817975e-01 7.066844e-01 4.078760e-01 4.548168e-01 6.090346e-01 9.047655e-01
438 nan 5.982165e-01 8.165414e-01 3.326191e-01 3.531419e-01 7.652672e-01 8.871560e-01
439 nan 5.382277e-01 9.795512e-01 1.517023e-01 6.517144e-01 7.745825e-01 8.267610e-01
440 nan 5.822418e-01 9.087453e-01 3.820353e-01 5.383494e-01 7.981103e-01 9.324362e-01
441 nan 7.558991e-01 9.553195e-01 4.143292e-01 7.431892e-01 7.730135e-01 7.216510e-01
442 nan 5.304491e-01 9.689820e-01 5.575079e-01 4.794618e-01 2.543730e-01 5.995681e-01
443 nan 3.689558e-01 7.395206e-01 1.436890e-01 6.143676e-01 4.402618e-01 7.624890e-01
444 nan 6.951249e-01 6.373850e-01 6.836063e-01 6.052068e-01 6.180271e-01 4.311491e-01
445 nan 4.280105e-01 8.738123e-01 3.328372e-01 7.207516e-01 7.742108e-01 6.925781e-01
446 nan 5.143669e-01 5.366237e-01 6.750757e-01 4.490775e-01 7.873026e-01 6.075822e-01
447 nan 3.735973e-01 7.081531e-01 2.961283e-01 4.492154e-01 6.428053e-01 5.441522e-01
448 nan 7.436194e-01 5.965487e-01 7.013634e-01 8.825144e-01 6.064380e-01 2.950236e-01
449 nan 3.235219e-01 7.082948e-01 3.231846e-01 3.882353e-01 6.265596e-01 7.415595e-01
450 nan 4.790304e-01 5.515566e-01 4.283633e-01 6.538943e-01 4.293775e-01 6.080778e-01
451 nan 6.327202e-01 7.214000e-01 2.050741e-01 5.544636e-01 8.358073e-01 7.669825e-01
452 nan 4.407035e-01 4.616100e-01 1.962679e-01 5.033295e-01 5.591885e-01 6.946550e-01
453 nan 4.874166e-01 6.809462e-01 8.263639e-01 7.336329e-01 6.409728e-01 3.830363e-01
454 nan 6.014941e-01 6.769084e-01 6.406958e-01 7.824169e-01 2.507185e-01 4.142391e-01
455 nan 7.197917e-01 9.874710e-01 4.683885e-02 2.935276e-01 8.858816e-01 6.468936e-01
456 nan 3.009424e-01 9.678108e-01 5.649770e-02 3.077195e-01 3.219247e-01 5.634341e-01
457 nan 6.155738e-01 8.576799e-01 1.729899e-01 4.661528e-01 5.178350e-01 6.171659e-01
458 nan 4.907872e-01 7.027174e-01 3.102940e-01 5.580093e-01 8.463825e-01 7.293071e-01
459 nan 6.729443e-01 8.355545e-01 4.491863e-01 3.295684e-01 7.608955e-01 6.721227e-01
460 nan 2.852198e-01 7.289986e-01 3.833752e-01 2.452770e-01 7.424663e-01 7.051471e-01
461 nan 4.273244e-01 8.140289e-01 4.638454e-02 6.046181e-01 4.850050e-01 4.256859e-01
462 nan 5.752154e-01 5.536534e-01 1.143468e-01 4.351569e-01 6.414901e-01 6.161217e-01
463 nan 3.104941e-01 4.401458e-01 3.590794e-01 5.565101e-01 5.353186e-01 5.517602e-01
464 nan 6.739693e-01 7.497214e-01 4.302039e-01 6.943867e-01 6.426846e-01 5.847432e-01
465 nan 6.399285e-01 8.269925e-01 2.378719e-01 4.699698e-01 1.972296e-01 7.008110e-01
466 nan 5.853004e-01 9.897661e-01 3.053738e-01 6.219878e-01 8.602579e-01 7.412429e-01
467 nan 4.237265e-01 2.624110e-01 1.958922e-01 5.570665e-01 6.384963e-01 2.585085e-01
468 nan 3.270537e-01 1.920065e-01 5.848583e-01 2.435755e-01 4.275382e-01 3.429525e-01
469 nan 2.411870e-01 7.107741e-01 2.488823e-01 4.063730e-01 5.313683e-01 6.183080e-01
470 nan 4.564798e-01 9.194514e-01 3.471830e-02 6.288860e-01 8.431453e-01 7.704584e-01
471 nan 3.998574e-01 5.909099e-01 3.146777e-01 4.959485e-01 6.779725e-01 8.003733e-01
472 nan 3.462853e-01 8.689055e-01 2.485537e-01 4.210202e-01 5.656472e-01 6.739542e-01
473 nan 2.659716e-01 8.634509e-01 2.095381e-02 2.212069e-01 7.622858e-01 7.710352e-01
474 nan 5.099671e-01 8.405369e-01 8.553712e-02 4.572817e-01 3.178219e-01 6.181853e-01
475 nan 2.792845e-01 9.268470e-01 4.182629e-01 5.339897e-01 7.413415e-01 5.207812e-01
476 nan 4.921635e-01 9.021195e-01 3.019211e-01 7.997820e-01 3.900151e-01 4.853914e-01
477 nan 6.238877e-01 8.625867e-01 1.856296e-01 4.657435e-01 9.282206e-01 8.548493e-01
478 nan 2.420178e-01 5.883409e-01 5.130302e-01 4.571622e-01 6.155209e-01 7.599878e-01
479 nan 6.254107e-01 8.506102e-01 1.390447e-01 8.865108e-01 7.503195e-01 5.086034e-01
480 nan 2.882329e-01 5.420028e-01 1.107213e-01 4.451547e-01 8.925968e-01 6.837004e-01
481 nan 4.030585e-01 9.444717e-01 7.926763e-02 4.152625e-01 2.641096e-01 2.261122e-01
482 nan 1.810804e-01 7.856273e-01 2.742085e-01 3.620590e-01 5.868578e-01 7.272534e-01
483 nan 2.755730e-01 6.085252e-01 8.707304e-02 2.404253e-01 4.516695e-01 5.348701e-01
484 nan 5.992085e-01 9.536430e-01 3.911436e-02 6.285917e-01 7.176529e-01 6.691673e-01
485 nan 3.722933e-01 6.370119e-01 4.946678e-01 6.147631e-01 6.566399e-01 5.046634e-01
486 nan 5.370828e-01 8.091741e-01 1.194411e-01 5.018441e-01 4.788705e-01 6.429056e-01
487 nan 5.464920e-01 9.717353e-01 8.248382e-02 6.453313e-01 6.570765e-01 5.859267e-01
488 nan 5.153155e-01 9.079425e-01 1.976240e-01 6.780656e-01 8.530992e-01 5.869560e-01
489 nan 6.771932e-01 8.355120e-01 2.212046e-02 3.812912e-01 7.103694e-01 7.004232e-01
490 nan 5.025254e-01 7.509965e-01 7.894236e-01 1.752879e-01 8.538240e-01 4.988687e-01
491 nan 1.878898e-01 1.159728e-01 9.674733e-01 3.546917e-01 3.724770e-01 1.931591e-01
492 nan 6.587675e-01 6.461832e-01 5.155821e-01 3.590881e-01 6.309562e-01 6.550950e-01
493 nan 4.318440e-01 5.869902e-01 1.795902e-01 4.392452e-01 6.544102e-01 4.977300e-01
494 nan 6.201637e-01 9.219733e-01 6.692551e-01 6.871482e-01 6.176416e-01 7.172536e-01
495 nan 6.133853e-01 3.609338e-01 3.810863e-01 6.114243e-01 4.099332e-01 6.126956e-01
496 nan 3.910538e-01 7.504392e-01 2.233906e-01 4.497581e-01 7.623617e-01 6.889747e-01
497 nan 6.277790e-01 8.203997e-01 5.462950e-01 3.790791e-01 3.812364e-01 6.008675e-01
498 nan 2.163984e-01 7.276716e-01 2.158652e-01 3.215251e-01 6.794519e-01 4.699500e-01
499 nan 5.370105e-01 5.326095e-01 7.137738e-01 7.240490e-01 5.340117e-01 7.240677e-01
500 nan 4.160367e-01 4.692559e-01 1.959736e-03 4.636695e-01 6.994672e-01 3.777455e-01
501 nan 4.961748e-01 5.742439e-01 1.308943e-01 4.668243e-01 5.616975e-01 5.758191e-01
502 nan 4.490380e-01 7.007953e-01 5.090717e-01 3.392535e-01 2.423880e-01 4.153463e-01
503 nan 2.267809e-01 7.762671e-01 6.307650e-01 1.936095e-02 7.169433e-01 5.786054e-01
504 nan 5.977020e-01 6.575221e-01 1.055835e-01 5.119661e-01 7.639720e-01 5.488877e-01
505 nan 4.756060e-01 5.631647e-01 3.075714e-01 3.177725e-01 8.131926e-01 7.495719e-01
506 nan 2.608196e-01 9.496099e-01 1.312692e-01 2.450333e-01 5.671072e-01 8.151351e-01
507 nan 7.978156e-01 8.959943e-01 5.873108e-01 7.217266e-01 5.868757e-01 5.719753e-01
508 nan 4.268387e-01 9.504836e-01 6.271862e-01 4.465711e-01 7.129025e-01 6.442747e-01
509 nan 6.170493e-01 9.536288e-01 5.182252e-01 5.738521e-01 8.045628e-01 7.198327e-01
510 nan 4.862841e-01 7.289278e-01 1.418901e-01 5.292484e-01 4.415853e-01 5.748627e-01
511 nan 3.581640e-01 6.230944e-01 4.403516e-01 3.090578e-01 5.332062e-01 7.874546e-01
512 nan 8.146314e-01 8.283715e-01 3.377991e-02 7.463256e-01 6.711614e-01 5.863908e-01
513 nan 6.281717e-01 8.462229e-01 2.836278e-03 5.332171e-01 6.563406e-01 5.739030e-01
514 nan 6.498006e-01 9.547528e-01 1.077942e-01 4.068881e-01 3.030280e-01 2.200374e-01
515 nan 4.061688e-01 6.473355e-01 6.350230e-02 4.002014e-01 4.562840e-01 3.611106e-01
516 nan 2.799479e-01 8.370705e-01 6.847187e-01 4.647640e-01 7.888944e-01 6.154454e-01
517 nan 4.063816e-01 2.294850e-01 1.000000e+00 6.337791e-01 5.520305e-01 4.381472e-01
518 nan 6.042861e-01 4.611047e-01 5.625196e-01 5.856159e-01 4.080801e-01 5.850266e-01
519 nan 6.359565e-01 7.878516e-01 2.056263e-01 5.511111e-01 8.137995e-01 6.582443e-01
520 nan 6.916159e-01 8.287965e-01 2.406078e-01 3.052638e-01 7.009666e-01 6.131829e-01
521 nan 7.669057e-01 9.857189e-01 1.886070e-01 1.000000e+00 6.952534e-01 3.305012e-01
522 nan 3.846391e-01 8.012638e-01 4.419900e-01 4.314963e-01 5.329152e-01 7.520433e-01
523 nan 2.478084e-01 1.666320e-01 6.632110e-01 1.019186e-01 5.800460e-01 3.403783e-01
524 nan 5.544649e-01 6.046621e-01 2.204880e-01 5.756595e-01 5.065004e-01 6.863840e-01
525 nan 4.126806e-01 6.701173e-01 1.951238e-01 5.205796e-01 8.446012e-01 5.303318e-01
526 nan 6.451446e-01 9.711449e-01 1.883923e-02 4.798021e-01 7.942689e-01 6.241126e-01
527 nan 4.269627e-01 8.587614e-01 5.031531e-01 3.058432e-01 1.557078e-01 5.784181e-01
528 nan 2.714770e-01 8.363715e-01 2.645321e-01 3.052546e-01 6.945886e-01 8.415229e-01
529 nan 1.924797e-01 6.598221e-01 3.701443e-01 4.714506e-01 5.333462e-01 4.074217e-01
530 nan 6.250945e-01 4.257419e-01 6.330872e-01 8.547469e-01 7.294606e-01 3.903360e-01
531 nan 3.565604e-01 6.246057e-01 5.224567e-01 5.833901e-01 5.461953e-01 6.134763e-01
532 nan 2.520387e-01 4.504553e-01 6.008417e-01 5.694281e-01 4.895230e-01 6.738896e-01
533 nan 5.689041e-01 7.826709e-01 1.000598e-01 3.735790e-01 6.517667e-01 9.330379e-01
534 nan 3.194879e-01 9.216238e-01 1.284080e-01 4.987997e-01 5.717914e-01 7.042288e-01
535 nan 5.369733e-01 4.188800e-01 2.175498e-01 6.333376e-01 3.918999e-01 6.568320e-01
536 nan 3.426915e-01 6.075477e-01 6.418913e-01 5.125823e-01 6.852057e-01 6.130304e-01
537 nan 5.665750e-01 4.719195e-01 3.150634e-01 4.566839e-01 2.435915e-01 6.609908e-01
538 nan 3.765257e-01 8.492123e-01 1.675178e-01 5.125317e-01 4.099925e-01 5.698719e-01
539 nan 6.659819e-01 8.620625e-01 5.347357e-01 6.993120e-01 5.713018e-01 4.658062e-01
540 nan 3.999008e-01 3.253018e-01 3.656402e-01 2.177900e-01 2.677000e-01 5.773672e-01
541 nan 4.312530e-01 8.742609e-01 5.352725e-02 3.386419e-01 6.711007e-01 6.638483e-01
542 nan 5.909546e-01 5.527042e-01 7.146998e-01 6.979830e-01 4.264782e-01 6.460134e-01
543 nan 4.171258e-01 9.091420e-01 1.424032e-02 6.509924e-01 3.188626e-01 5.071431e-01
544 nan 4.083676e-01 3.466573e-01 3.486786e-01 5.893869e-01 3.422904e-01 4.672300e-01
545 nan 4.042303e-01 9.321741e-01 2.732634e-01 6.433814e-01 4.794760e-01 2.813657e-01
546 nan 5.272376e-01 8.703128e-01 4.872382e-02 3.812360e-01 4.466474e-01 4.074665e-01
547 nan 4.018641e-01 9.496194e-01 8.635414e-03 5.035963e-01 7.653410e-01 8.356901e-01
548 nan 7.797805e-01 8.606410e-01 4.632134e-01 6.284767e-01 7.598948e-01 6.628422e-01
549 nan 3.407159e-01 5.337335e-01 4.764990e-01 1.402726e-01 2.976403e-01 4.996494e-01
550 nan 6.186592e-01 6.218571e-01 9.736650e-02 6.657132e-01 5.240709e-01 2.076839e-01
551 nan 1.637273e-01 7.943404e-01 1.618883e-01 3.560024e-01 5.699280e-01 4.819720e-01
552 nan 5.036661e-01 8.419111e-01 5.814617e-01 4.057200e-01 8.575165e-01 6.728172e-01
553 nan 4.532786e-01 9.651378e-01 2.670510e-01 5.047276e-01 5.766432e-01 6.850182e-01
554 nan 3.103536e-01 6.378998e-01 3.116591e-01 6.251840e-01 7.943441e-01 4.078179e-01
555 nan 4.539606e-01 4.857236e-01 3.816334e-01 2.461140e-01 5.030397e-01 5.762302e-01
556 nan 4.789415e-01 7.709872e-01 4.593632e-01 4.793054e-01 4.670103e-01 7.842191e-01
557 nan 3.108682e-01 5.613229e-01 2.002140e-02 6.211876e-01 8.007441e-01 5.678216e-01
558 nan 6.307942e-01 9.598485e-01 2.720320e-01 6.809260e-01 5.563299e-01 6.244789e-01
559 nan 3.099733e-01 8.535193e-01 1.127643e-01 1.714525e-01 8.677641e-01 7.477205e-01
560 nan 3.605923e-01 9.798062e-01 3.956731e-01 4.743019e-01 3.089866e-01 3.576928e-01
561 nan 7.603464e-01 5.637267e-01 2.801067e-01 5.819368e-01 5.146095e-01 6.356340e-01
562 nan 7.139143e-01 9.401364e-01 4.077093e-01 5.943996e-01 6.034297e-01 7.279595e-01
563 nan 3.770010e-01 5.730113e-01 1.406347e-01 4.226390e-01 8.054476e-01 8.047276e-01
564 nan 1.861828e-01 8.806742e-01 8.948994e-02 4.201096e-01 4.145581e-01 4.947001e-01
565 nan 5.456426e-01 5.222104e-01 7.329497e-02 5.103105e-01 6.685883e-01 7.198476e-01
566 nan 4.762818e-01 8.973922e-01 3.120285e-01 5.750800e-01 7.911192e-01 6.862613e-01
567 nan 1.854512e-01 8.566740e-01 2.508157e-01 6.221947e-01 7.271213e-01 5.022352e-01
568 nan 2.892124e-01 6.362657e-01 1.156803e-01 5.846961e-01 8.060028e-01 5.249332e-01
569 nan 6.678625e-01 9.158811e-01 4.759439e-02 6.284951e-01 7.846564e-01 6.272768e-01
570 nan 3.788051e-01 7.480732e-01 2.155063e-01 6.267475e-01 6.265272e-01 7.537340e-01
571 nan 5.869784e-01 4.160181e-01 4.139747e-01 3.051580e-01 7.526230e-01 6.669197e-01
572 nan 3.510302e-01 1.000000e+00 3.864408e-02 5.039182e-01 6.382866e-01 5.948789e-01
573 nan 2.688979e-01 7.707794e-01 1.651159e-01 3.965684e-01 6.300720e-01 6.632218e-01
574 nan 5.330220e-01 8.762775e-01 4.013921e-01 4.072468e-01 8.751953e-01 7.958449e-01
575 nan 4.559404e-01 8.596209e-01 2.791961e-01 4.082907e-01 8.844140e-01 8.657691e-01
576 nan 2.811300e-01 6.798695e-01 3.219997e-01 3.710726e-01 5.724983e-01 6.519225e-01
577 nan 4.122776e-01 7.086253e-01 5.346609e-01 6.312130e-01 5.662397e-01 6.263718e-01
578 nan 5.325777e-01 6.955863e-01 4.053433e-01 4.061017e-01 4.372549e-01 5.961751e-01
579 nan 4.334580e-01 9.275318e-01 3.741901e-02 4.123239e-01 4.556157e-01 7.863639e-01
580 nan 6.463969e-01 7.926498e-01 3.578836e-01 3.899047e-01 6.443784e-01 7.141640e-01
581 nan 3.954907e-01 6.530499e-01 2.749069e-01 5.862965e-01 6.670690e-01 6.658539e-01
582 nan 6.013639e-01 9.710174e-01 4.117289e-01 2.242789e-01 7.405539e-01 5.476628e-01
583 nan 4.763707e-01 5.753537e-01 4.840069e-01 6.299437e-01 7.832564e-01 5.214955e-01
584 nan 4.638823e-01 9.613739e-01 1.600197e-01 3.960947e-01 8.311900e-01 7.149662e-01
585 nan 6.681932e-01 9.384788e-01 2.787340e-01 4.929960e-01 7.989455e-01 8.254234e-01
586 nan 4.903594e-01 4.559476e-01 1.938440e-01 3.254249e-01 5.664741e-01 6.524214e-01
587 nan 2.450516e-01 9.376334e-01 7.658852e-01 1.983923e-01 7.902620e-01 3.354820e-01
588 nan 4.695468e-01 9.878015e-01 1.252634e-01 5.778163e-01 4.774325e-01 4.796929e-01
589 nan 3.911695e-01 4.964769e-01 5.041131e-01 6.807237e-01 2.255113e-01 1.486762e-01
590 nan 5.832152e-01 8.539679e-01 5.556309e-01 8.115963e-01 6.126015e-01 6.272370e-01
591 nan 7.679287e-01 5.941591e-01 4.603243e-01 7.398964e-01 5.781053e-01 7.357449e-01
592 nan 3.824030e-01 8.961785e-01 3.180494e-01 1.535356e-01 5.017176e-01 5.088967e-01
593 nan 6.083015e-01 9.761698e-01 3.916660e-01 4.679464e-01 8.215037e-01 8.254946e-01
594 nan 3.696501e-01 0.000000e+00 6.807466e-01 7.372843e-01 4.715752e-01 8.141406e-02
595 nan 5.964765e-01 5.898474e-01 3.909941e-01 5.661400e-01 4.238609e-01 5.507955e-01
596 nan 6.309347e-01 5.051618e-01 6.603133e-02 5.079467e-01 4.951982e-01 6.884824e-01
597 nan 3.842526e-01 6.961766e-01 6.431159e-01 1.595508e-01 2.465453e-01 5.811911e-01
598 nan 7.062514e-01 8.106287e-01 7.665565e-01 9.207949e-01 5.965434e-01 2.695194e-01
599 nan 3.235363e-01 7.282288e-01 4.910425e-01 2.799014e-01 5.263999e-01 5.499668e-01
600 nan 2.280229e-01 3.629220e-01 7.020595e-01 3.015664e-01 4.997700e-01 5.126693e-01
601 nan 4.109136e-01 7.607345e-01 1.738184e-01 4.093254e-01 7.871550e-01 9.143145e-01
602 nan 5.748331e-01 7.325831e-01 3.379937e-01 4.603491e-01 5.471153e-01 7.803803e-01
603 nan 4.328794e-01 9.635841e-01 1.876626e-02 4.170192e-01 7.088611e-01 8.823459e-01
604 nan 3.720102e-01 7.653201e-01 4.534788e-01 7.354126e-01 7.801246e-01 6.402237e-01
605 nan 3.327554e-01 9.766704e-01 2.013229e-01 4.865347e-01 5.937661e-01 3.943472e-01
606 nan 5.659861e-01 5.441610e-01 4.666981e-01 3.998933e-01 5.763349e-01 5.834420e-01
607 nan 4.529418e-01 2.179808e-01 6.123062e-01 6.242964e-01 1.920034e-01 2.423709e-01
608 nan 7.305917e-01 3.705017e-01 7.839632e-01 9.739202e-01 5.230558e-01 3.600200e-01
609 nan 3.288723e-01 6.080860e-01 7.352865e-03 1.398449e-01 4.711766e-01 5.627429e-01
610 nan 3.481535e-01 8.933733e-01 5.516427e-01 3.211480e-01 4.093111e-01 4.191453e-01
611 nan 3.692967e-01 5.203969e-01 5.253252e-01 4.463504e-01 6.259713e-01 6.641218e-01
612 nan 5.228709e-01 7.576459e-01 4.114006e-01 8.420956e-01 5.431980e-01 6.833872e-01
613 nan 4.220277e-01 7.985199e-01 2.153668e-01 3.599343e-01 4.834781e-01 3.955141e-01
614 nan 3.923082e-01 8.231483e-01 2.945443e-02 6.769435e-01 8.036138e-01 6.592520e-01
615 nan 5.008824e-01 8.860674e-01 7.718060e-02 4.704251e-01 7.423635e-01 6.964766e-01
616 nan 4.940379e-01 5.408882e-01 5.116014e-01 4.894687e-01 8.028711e-01 7.524129e-01
617 nan 4.059662e-01 3.430871e-01 8.310658e-01 1.912641e-02 5.734149e-01 4.603646e-01
618 nan 6.982165e-01 4.954191e-01 6.651088e-01 6.084075e-01 6.265541e-01 8.005755e-01
619 nan 4.774763e-01 6.900703e-01 2.624378e-02 4.905863e-01 8.065352e-01 6.087789e-01
620 nan 6.015313e-01 6.389718e-01 3.366578e-01 3.873110e-01 6.135974e-01 5.110250e-01
621 nan 3.370270e-01 6.384806e-01 3.314614e-01 3.511046e-01 6.949624e-01 7.947344e-01
622 nan 1.826118e-01 7.236243e-01 3.972605e-01 5.484070e-01 7.268392e-01 2.761577e-01
623 nan 6.008080e-01 9.514895e-01 5.899502e-02 2.817041e-01 4.721097e-01 6.401707e-01
624 nan 6.366984e-01 9.095056e-01 1.599729e-01 6.225580e-01 7.263544e-01 7.033321e-01
625 nan 5.909008e-01 7.435348e-01 4.076498e-01 6.739680e-01 5.717852e-01 4.021723e-01
626 nan 4.886193e-01 5.723313e-01 2.903669e-01 7.723272e-01 6.187188e-01 5.211574e-01
627 nan 7.254769e-01 7.958139e-01 3.427960e-01 5.513502e-01 4.134939e-01 4.486591e-01
628 nan 6.218045e-01 8.766553e-01 3.510592e-02 6.677183e-01 7.471939e-01 5.053248e-01
629 nan 3.467214e-01 9.499027e-01 3.970226e-02 6.156460e-01 7.854295e-01 8.090189e-01
630 nan 6.378433e-01 7.161201e-01 3.312234e-01 4.947160e-01 8.113505e-01 5.602517e-01
631 nan 7.249602e-01 7.538017e-01 1.458891e-01 4.976316e-01 7.228095e-01 7.391577e-01
632 nan 5.503875e-01 8.513847e-01 5.862099e-01 4.156028e-01 7.481912e-01 7.045753e-01
633 nan 5.083614e-01 9.417373e-01 3.227449e-01 6.625538e-01 6.615434e-01 5.962149e-01
634 nan 4.867367e-01 8.339441e-01 3.026123e-01 6.182812e-01 6.092704e-01 1.609750e-01
635 nan 3.122011e-01 8.360079e-01 4.255093e-01 1.127074e-01 3.640182e-01 7.053908e-02
636 nan 4.405340e-01 7.088284e-01 2.899551e-01 4.492660e-01 5.768542e-01 6.164648e-01
637 nan 4.007729e-01 8.513091e-01 2.555365e-01 5.729140e-01 8.970838e-01 8.858963e-01
638 nan 5.314328e-01 9.810199e-01 3.502510e-01 7.125106e-01 8.420308e-01 6.790627e-01
639 nan 4.779289e-01 8.098919e-01 4.615434e-01 7.013585e-01 7.968138e-01 7.092826e-01
640 nan 5.852384e-01 9.206935e-01 3.513704e-02 3.765820e-01 4.997514e-01 6.222628e-01
641 nan 3.392755e-01 2.762293e-01 4.255268e-01 6.652211e-01 3.684300e-01 3.950964e-01
642 nan 4.786336e-01 8.286265e-01 1.851899e-01 2.915226e-01 8.850050e-01 9.024699e-01
643 nan 3.296121e-01 9.665924e-01 3.044272e-02 4.058212e-01 5.262365e-01 5.714913e-01
644 nan 7.053731e-01 8.462654e-01 7.498123e-02 2.647208e-01 6.211209e-01 4.907253e-01
645 nan 6.361962e-01 6.602046e-01 2.884938e-02 5.265075e-01 8.289637e-01 8.512890e-01
646 nan 6.877369e-01 7.498725e-01 1.254106e-01 4.896757e-01 5.934261e-01 5.995034e-01
647 nan 4.319184e-01 5.047557e-01 3.156213e-01 3.769545e-01 3.894882e-01 3.663053e-01
648 nan 4.977474e-01 8.198472e-01 2.877711e-01 4.518552e-01 6.763435e-01 8.911225e-01
649 nan 6.717436e-01 6.277320e-01 1.240358e-01 4.652883e-01 4.809615e-01 7.587960e-01
650 nan 6.311889e-01 9.919527e-01 1.212707e-01 7.804303e-01 8.260582e-01 6.328278e-01
651 nan 5.972370e-01 8.711204e-01 3.409762e-02 4.356490e-01 8.117325e-01 9.761450e-01
652 nan 4.843993e-01 9.389510e-01 1.229991e-01 2.581353e-01 7.690100e-01 8.214702e-01
653 nan 3.488747e-01 6.230614e-01 3.466206e-01 2.478064e-01 6.006393e-01 6.852602e-01
654 nan 5.060034e-01 8.191246e-01 2.673025e-01 5.832843e-01 6.990224e-01 8.143213e-01
655 nan 5.274587e-01 8.517436e-01 1.306141e-01 3.006512e-01 7.792467e-01 8.304655e-01
656 nan 2.431441e-01 8.006593e-01 3.918119e-01 2.959512e-01 7.260716e-01 8.331806e-01
657 nan 3.543657e-01 9.994050e-01 5.804816e-02 4.202430e-01 6.721559e-01 7.815057e-01
658 nan 5.730517e-01 5.418233e-01 1.170414e-01 3.268552e-01 8.035290e-01 4.798769e-01
659 nan 5.031391e-01 5.756135e-01 4.657179e-01 3.785319e-01 4.417094e-01 3.816125e-01
660 nan 5.053876e-01 5.279814e-01 8.900718e-02 6.854880e-01 5.501305e-01 4.225698e-01
661 nan 7.202443e-01 8.464590e-01 5.119588e-01 5.023178e-01 8.487040e-01 8.775524e-01
662 nan 4.818967e-01 7.222689e-01 3.837271e-01 4.244003e-01 8.571930e-01 6.452012e-01
663 nan 5.476823e-01 6.741835e-01 3.948574e-01 7.227935e-01 7.888088e-01 7.522124e-01
664 nan 5.101283e-01 4.483254e-01 1.495865e-01 5.061072e-01 3.645355e-01 6.456289e-01
665 nan 7.136932e-01 8.750874e-01 7.657726e-02 3.370277e-01 6.814091e-01 8.109466e-01
666 nan 5.848581e-01 9.692276e-01 3.196559e-01 6.609212e-01 7.349752e-01 7.180542e-01
667 nan 2.039844e-01 8.868088e-01 3.033484e-01 3.845287e-01 8.736718e-01 7.708313e-01
668 nan 1.494803e-01 8.215095e-01 2.828035e-01 5.597292e-01 6.284286e-01 3.726701e-01
669 nan 2.064477e-01 8.556397e-01 1.184474e-01 5.340219e-01 5.206026e-01 7.119479e-01
670 nan 3.200045e-01 5.055632e-01 3.616339e-01 2.522718e-01 4.933299e-01 5.936524e-01
671 nan 5.390275e-01 9.623609e-01 1.831422e-01 6.922023e-01 6.944210e-01 0.000000e+00
672 nan 3.647916e-01 8.186524e-01 1.579677e-01 5.744454e-01 6.290403e-01 6.866127e-01
673 nan 6.795987e-01 9.520609e-01 3.484071e-02 3.352296e-01 6.743490e-01 6.843784e-01
674 nan 3.537333e-01 8.085980e-01 3.586549e-01 4.123239e-01 9.034162e-01 8.527426e-01
675 nan 3.567133e-01 4.973648e-01 1.614531e-01 5.369560e-01 5.529278e-01 5.693167e-01
676 nan 4.707496e-01 4.867484e-01 6.363559e-01 3.868971e-02 7.089984e-01 4.562489e-01
677 nan 3.200066e-01 5.708673e-01 2.695336e-01 4.541454e-01 7.897640e-01 7.603176e-01
678 nan 4.530823e-01 4.429369e-01 1.846371e-01 4.445477e-01 4.681904e-01 7.203830e-01
679 nan 6.715266e-01 4.986682e-01 3.953470e-01 6.724826e-01 6.874506e-01 5.470943e-01
680 nan 7.247556e-01 2.747606e-01 5.209104e-01 6.850741e-01 5.582044e-01 5.304793e-01
681 nan 5.608217e-01 9.349982e-01 1.889640e-01 5.238770e-01 5.218206e-01 5.468042e-01
682 nan 5.531980e-01 9.855536e-01 6.294484e-02 7.374223e-01 7.850192e-01 6.164930e-01
683 nan 6.867821e-01 4.550031e-01 2.666854e-01 6.195688e-01 5.809867e-01 6.223407e-01
684 nan 4.213416e-01 9.468897e-01 7.980314e-02 1.986222e-01 5.954041e-01 5.830459e-01
685 nan 4.069003e-01 7.851975e-01 2.683111e-02 5.892121e-01 6.266051e-01 4.261136e-01
686 nan 4.161297e-01 8.719893e-01 7.095943e-02 4.897631e-01 6.645248e-01 7.277308e-01
687 nan 1.781107e-01 8.680460e-01 1.793537e-01 2.591240e-01 4.435336e-01 4.915044e-01
688 nan 5.917006e-01 7.436056e-01 1.078667e-01 4.940216e-01 5.594844e-01 5.113316e-01
689 nan 4.820414e-01 9.100015e-01 2.305458e-01 5.759170e-01 3.267013e-01 6.152482e-01
690 nan 4.571948e-01 9.326652e-01 6.686216e-03 5.053484e-01 4.607599e-01 7.414053e-01
691 nan 4.961810e-01 7.038650e-01 6.460832e-02 4.206937e-01 6.485777e-01 6.834004e-01
692 nan 3.500878e-01 8.818265e-01 2.508793e-01 5.279377e-01 5.119750e-01 5.054657e-01
693 nan 7.798777e-01 6.767384e-01 2.790761e-01 6.394770e-01 7.370007e-01 7.594176e-01
694 nan 4.231726e-01 5.159813e-01 7.488272e-01 9.784868e-02 4.791050e-01 3.510876e-01
695 nan 4.061812e-01 9.193806e-01 1.043772e-01 5.734658e-01 6.478791e-01 6.205025e-01
696 nan 5.900535e-01 8.798950e-01 4.491235e-02 4.223814e-01 6.884561e-01 7.808477e-01
697 nan 5.335737e-01 8.059769e-01 2.057378e-01 6.876035e-01 5.062742e-01 5.388796e-01
698 nan 5.331832e-01 2.340565e-01 7.519441e-01 8.238337e-01 4.891306e-01 1.976460e-01
699 nan 6.666639e-01 9.468944e-01 3.622091e-01 7.666661e-01 9.847440e-01 7.011525e-01
700 nan 4.129348e-01 7.822412e-01 4.913715e-01 7.706578e-01 7.316531e-01 5.339767e-01
701 nan 3.295315e-01 9.426205e-01 4.274626e-01 2.625547e-01 6.069332e-01 8.051337e-01
702 nan 6.885945e-01 7.471901e-01 3.533363e-01 4.580359e-01 5.505105e-01 7.737121e-01
703 nan 4.045072e-01 6.849179e-01 4.719017e-01 7.339824e-01 8.149877e-01 6.011112e-01
704 nan 6.876852e-01 9.425591e-01 3.552533e-01 7.041362e-01 2.985438e-01 3.873409e-01
705 nan 6.717684e-01 8.741476e-01 3.972056e-01 7.763373e-01 8.677193e-01 7.664389e-01
706 nan 3.467999e-01 7.013809e-01 6.229214e-01 2.597541e-01 5.382959e-01 4.773624e-01
707 nan 6.968505e-01 8.100242e-01 9.809178e-02 5.003817e-01 6.316431e-01 7.091881e-01
708 nan 2.407117e-01 8.474744e-01 6.941428e-02 3.928387e-01 6.691324e-01 7.042321e-01
709 nan 4.071442e-01 6.796144e-01 4.825253e-01 7.130486e-01 7.188426e-01 5.266670e-01
710 nan 6.446010e-01 7.555538e-01 4.920179e-01 5.592004e-01 7.163847e-01 7.771912e-01
711 nan 8.085949e-01 8.854629e-01 5.817266e-02 6.028476e-01 4.581827e-01 7.920790e-01
712 nan 3.487239e-01 8.927829e-01 1.133005e-01 4.926879e-01 2.805229e-01 6.202638e-01
713 nan 2.099775e-01 9.232814e-01 3.579918e-01 5.925233e-01 5.852047e-01 6.400265e-01
714 nan 3.992850e-01 4.110830e-01 4.017680e-01 5.284712e-01 3.156150e-01 6.622439e-01
715 nan 4.402385e-01 3.152001e-01 7.177879e-01 7.238558e-01 5.387152e-01 5.781496e-01
716 nan 3.133625e-01 6.265230e-01 4.128643e-01 4.297947e-01 5.190847e-01 3.873724e-01
717 nan 7.646635e-01 9.345826e-01 1.337249e-01 5.587681e-01 8.258416e-01 8.858284e-01
718 nan 4.060923e-01 9.524104e-01 3.526588e-02 2.179602e-01 6.454425e-01 6.841712e-01
719 nan 7.343921e-01 9.992774e-01 4.375954e-01 4.217376e-01 7.754301e-01 6.781560e-01
720 nan 5.655025e-01 1.624525e-01 5.929785e-01 7.019103e-01 1.708066e-01 3.518749e-01
721 nan 8.567360e-01 9.963258e-01 3.548992e-01 6.919953e-01 6.129512e-01 2.993531e-01
722 nan 4.536465e-01 7.078131e-01 3.864937e-01 2.951372e-01 6.953348e-01 6.630428e-01
723 nan 4.827605e-01 9.906162e-01 4.506355e-02 3.258250e-01 7.850454e-01 9.054584e-01
724 nan 8.311083e-01 7.894195e-01 1.854492e-01 4.379300e-01 5.702011e-01 6.903106e-01
725 nan 2.426833e-01 7.603897e-01 4.180973e-01 1.460901e-01 8.710931e-01 7.628984e-01
726 nan 5.365104e-01 8.736989e-01 1.623781e-01 7.057044e-01 8.459584e-01 7.004447e-01
727 nan 3.039492e-01 5.797221e-01 5.655646e-01 1.470145e-01 7.628734e-01 4.639183e-01
728 nan 4.206948e-01 8.488297e-01 1.467242e-01 3.484971e-01 6.061697e-01 4.821759e-01
729 nan 6.453347e-01 7.369090e-01 1.509345e-02 4.283277e-01 4.672007e-01 7.157420e-01
730 nan 6.367356e-01 8.182273e-01 1.039470e-01 4.904759e-01 5.416091e-01 8.730008e-01
731 nan 6.396991e-01 8.188932e-01 1.120928e-01 8.655863e-01 4.766822e-01 4.831124e-01
732 nan 6.722168e-01 7.767818e-01 3.021470e-01 7.067667e-01 7.459636e-01 6.852353e-01
733 nan 4.846597e-01 7.006914e-01 3.455798e-03 5.355303e-01 6.277196e-01 6.951755e-01
734 nan 5.168427e-01 8.171884e-01 5.303604e-01 4.869900e-01 5.949641e-01 7.036421e-01
735 nan 4.494265e-01 9.399003e-01 2.649698e-01 3.045510e-01 5.678031e-01 6.847497e-01
736 nan 3.452665e-01 7.503070e-01 5.608831e-01 4.700802e-01 6.647558e-01 7.072107e-01
737 nan 4.055405e-01 9.497327e-01 2.236232e-01 4.005463e-01 6.678317e-01 7.574916e-01
738 nan 5.127984e-01 9.023037e-01 3.185452e-01 3.476831e-01 6.890092e-01 7.278518e-01
739 nan 6.462708e-01 9.474328e-01 3.389608e-01 5.020787e-01 7.028052e-01 9.016063e-01
740 nan 8.824836e-01 5.767799e-01 4.939276e-02 5.478735e-01 7.866433e-01 7.871894e-01
741 nan 3.058484e-01 2.913652e-01 6.145058e-01 9.665299e-02 6.589013e-01 4.002330e-01
742 nan 6.324991e-01 8.085980e-01 3.947456e-01 5.829624e-01 6.622620e-01 6.334676e-01
743 nan 5.952613e-01 6.839828e-01 1.376013e-01 6.917746e-01 3.453601e-01 7.909503e-01
744 nan 6.510137e-01 7.056548e-01 1.221771e-01 7.564889e-01 4.940886e-01 6.234479e-01
745 nan 3.397735e-01 9.551070e-01 1.979704e-01 5.313454e-01 5.476222e-01 6.654628e-01
746 nan 4.561967e-01 8.552808e-01 3.742693e-01 5.807135e-01 5.451691e-01 6.633991e-01
747 nan 1.904627e-01 9.168918e-01 2.548499e-01 4.236093e-01 4.122319e-01 7.397312e-01
748 nan 6.895348e-01 7.337779e-01 4.830122e-01 4.735615e-01 8.823353e-01 4.248605e-01
749 nan 4.588026e-01 9.459121e-01 2.812157e-01 2.687493e-01 7.775708e-01 7.261280e-01
750 nan 3.720887e-01 8.795880e-01 2.227932e-01 2.889105e-01 4.290796e-01 4.122086e-01
751 nan 5.407841e-01 8.616941e-01 9.993131e-05 5.731301e-01 6.457481e-01 9.180191e-01
752 nan 4.615512e-01 6.684361e-01 5.219366e-01 6.048205e-01 8.036000e-01 6.257618e-01
753 nan 3.437186e-01 9.460019e-01 6.110794e-01 2.072725e-01 6.646793e-01 6.644798e-01
754 nan 6.287441e-01 8.599137e-01 6.879718e-02 5.224467e-01 7.440208e-01 8.399184e-01
755 nan 6.967121e-01 5.161985e-01 5.528995e-01 7.508048e-01 7.840571e-01 7.247224e-01
756 nan 6.258055e-01 7.087623e-01 4.924203e-01 4.929638e-01 5.814384e-01 4.895866e-01
757 nan 8.173779e-01 6.834586e-01 3.085663e-03 5.486277e-01 5.260330e-01 3.763730e-01
758 nan 5.627374e-01 3.362440e-01 6.693711e-01 7.374315e-01 5.229978e-01 3.210815e-01
759 nan 5.145281e-01 8.081776e-01 2.366941e-01 4.724716e-01 7.598596e-01 9.295173e-01
760 nan 3.538387e-01 7.185759e-01 6.206179e-02 6.350760e-01 8.916982e-01 7.278883e-01
761 nan 4.311021e-01 6.656214e-01 6.917714e-01 4.003578e-01 8.940230e-01 7.037200e-01
762 nan 7.370601e-01 2.537922e-01 6.763818e-01 9.593374e-01 0.000000e+00 1.559544e-01
763 nan 5.052347e-01 9.937756e-01 1.074180e-01 6.283157e-01 7.280696e-01 7.380174e-01
764 nan 2.715948e-01 3.620908e-01 7.293367e-01 1.670652e-01 2.550875e-01 5.698902e-01
765 nan 5.357499e-01 7.730746e-01 7.328028e-01 7.912236e-01 7.517354e-01 7.045322e-01
766 nan 4.333072e-01 9.535013e-01 6.225881e-03 3.047073e-01 7.325000e-01 5.853681e-01
767 nan 6.369464e-01 8.782893e-01 2.065943e-01 5.356223e-01 7.856812e-01 9.446156e-01
768 nan 3.734919e-01 9.544128e-01 7.875686e-02 5.430310e-01 5.358490e-01 3.663351e-01
769 nan 3.829341e-01 8.547377e-01 1.080278e-01 4.350557e-01 6.443474e-01 4.898336e-01
770 nan 6.790469e-01 5.063424e-01 3.540917e-01 6.172280e-01 7.273765e-01 7.727308e-01
771 nan 5.397425e-01 8.286501e-01 4.549501e-01 6.709190e-01 7.097632e-01 7.506526e-01
772 nan 3.894377e-01 8.882917e-01 2.470405e-01 2.910443e-01 5.839516e-01 6.489688e-01
773 nan 4.155655e-01 5.997979e-01 6.634422e-01 6.056712e-01 4.897299e-01 6.838231e-01
774 nan 5.110066e-01 8.819587e-01 9.637427e-02 7.133752e-01 5.176633e-01 6.464858e-01
775 nan 4.022918e-01 4.477114e-01 6.263042e-01 4.760265e-01 7.580058e-01 6.471621e-01
776 nan 8.920064e-01 5.791649e-01 3.992086e-01 5.618401e-01 3.163509e-01 6.772892e-01
777 nan 4.566058e-01 4.904745e-01 4.741353e-01 6.931496e-01 7.594016e-01 4.747452e-01
778 nan 3.049143e-01 2.344816e-01 4.313851e-01 4.589419e-01 4.446191e-01 5.676591e-01
779 nan 4.630061e-01 6.408372e-01 3.316006e-01 7.153020e-01 5.020611e-01 6.133006e-01
780 nan 7.109488e-01 9.312296e-01 1.215761e-01 7.165253e-01 7.117515e-01 8.776999e-01
781 nan 6.853665e-01 6.535977e-01 6.742152e-01 3.821327e-01 6.560578e-01 5.062613e-01
782 nan 2.967906e-01 8.204233e-01 2.690978e-01 6.870470e-01 7.657500e-01 6.981391e-01
783 nan 6.081299e-01 8.043335e-01 2.841055e-01 6.917240e-01 3.409028e-01 3.182256e-01
784 nan 4.686602e-01 9.388943e-01 7.168760e-01 5.928406e-01 7.346738e-01 5.424847e-01
785 nan 1.443489e-01 9.036543e-01 2.818595e-01 1.277869e-01 7.787922e-01 7.726827e-01
786 nan 7.638451e-01 7.068213e-01 5.896676e-01 6.216245e-01 5.196419e-01 4.533184e-01
787 nan 5.439046e-01 4.695345e-01 4.464611e-01 8.268598e-01 2.529309e-01 3.837059e-01
788 nan 3.371448e-01 6.047660e-01 4.193462e-01 6.307393e-01 5.662659e-01 4.383676e-01
789 nan 3.712414e-01 3.256229e-01 4.673978e-01 2.127359e-01 8.522888e-01 6.719105e-01
790 nan 7.024365e-01 7.733768e-01 2.381047e-01 2.990002e-01 8.957713e-01 8.507254e-01
791 nan 6.588026e-01 5.077639e-01 5.480216e-01 6.555912e-01 7.034307e-01 6.181605e-01
792 nan 5.452748e-01 7.394167e-01 2.208454e-02 5.135113e-01 6.633834e-01 5.804568e-01
793 nan 2.859638e-01 8.256796e-01 2.299391e-01 2.072404e-01 5.003114e-01 6.686087e-01
794 nan 4.198206e-01 8.756399e-01 1.371189e-01 5.324169e-01 5.679597e-01 5.320357e-01
795 nan 4.482031e-01 5.842322e-01 5.455440e-01 2.082935e-01 6.071228e-01 5.848692e-01
796 nan 3.655542e-01 9.755370e-01 3.870114e-01 2.517981e-01 3.181164e-01 3.515368e-01
797 nan 4.820910e-01 7.529563e-01 3.099111e-01 4.569368e-01 6.490322e-01 6.461344e-01
798 nan 4.614664e-01 9.619076e-01 2.586121e-01 6.941522e-01 7.698004e-01 6.293106e-01
799 nan 5.650437e-01 4.980732e-01 5.084606e-01 7.754682e-01 6.781836e-01 6.334660e-01
800 nan 3.009506e-01 6.835436e-01 9.648947e-02 1.818642e-01 4.665662e-01 5.647104e-01
801 nan 4.934345e-01 9.736526e-01 4.019369e-02 4.813151e-01 9.681059e-01 8.806702e-01
802 nan 7.645167e-01 8.782562e-01 5.021556e-01 6.237905e-01 4.619579e-01 5.822204e-01
803 nan 3.532662e-01 9.507622e-01 5.183667e-02 3.846851e-01 4.226706e-01 6.953644e-01
804 nan 7.335841e-01 7.528052e-01 1.343829e-01 6.023647e-01 6.708221e-01 7.088467e-01
805 nan 5.352146e-01 7.879035e-01 1.351557e-01 6.895672e-01 6.501384e-01 8.029076e-01
806 nan 4.260038e-01 7.904207e-01 4.239235e-01 7.786689e-01 6.310907e-01 6.098612e-01
807 nan 5.549608e-01 7.188262e-01 7.120790e-01 1.256714e-01 5.590837e-01 4.999378e-01
808 nan 3.127054e-01 8.288059e-01 1.221690e-01 3.008030e-01 6.441901e-01 7.467409e-01
809 nan 7.299159e-01 9.088775e-01 3.045978e-03 4.517310e-01 3.770260e-01 6.465670e-01
810 nan 4.078406e-01 4.574305e-01 4.898620e-01 6.858007e-01 4.291444e-01 6.151040e-01
811 nan 6.067185e-01 7.867465e-01 1.772481e-01 6.825586e-01 5.228254e-01 7.385196e-01
812 nan 4.341379e-01 7.957572e-01 5.207921e-02 3.665566e-01 8.965313e-01 8.174308e-01
813 nan 6.741635e-01 4.721320e-01 7.290699e-01 2.016758e-01 4.833243e-01 6.515810e-01
814 nan 3.945938e-02 5.310180e-01 5.160593e-01 1.173108e-01 5.300413e-01 5.559471e-01
815 nan 2.972886e-01 7.089418e-01 8.283495e-02 5.399682e-01 5.690017e-01 3.134221e-01
816 nan 1.349770e-01 7.214566e-01 3.609561e-01 3.665704e-01 6.742221e-01 6.939041e-01
817 nan 6.171010e-01 8.369996e-01 4.704086e-01 6.458004e-01 7.640010e-01 8.036618e-01
818 nan 6.102151e-01 7.600638e-01 2.011397e-01 5.144356e-01 7.265848e-01 5.684978e-01
819 nan 4.428382e-01 6.725258e-01 2.101114e-01 6.781943e-01 7.350366e-01 8.331773e-01
820 nan 3.511232e-01 6.326341e-01 1.771273e-01 3.615393e-01 6.801208e-01 5.014263e-01
821 nan 7.146872e-01 5.252564e-01 4.909297e-01 4.650859e-01 3.041018e-01 6.196025e-01
822 nan 6.775982e-01 7.334851e-01 4.216503e-01 6.648670e-01 8.462860e-01 8.507702e-01
823 nan 6.030895e-01 4.402356e-01 7.291729e-01 8.787480e-01 2.917375e-01 3.336024e-01
824 nan 4.020294e-01 7.767677e-01 9.142967e-02 4.782845e-01 3.307365e-01 5.432836e-01
825 nan 2.949121e-01 8.288815e-01 2.336525e-01 4.696663e-01 6.521840e-01 6.684446e-01
826 nan 5.233297e-01 8.538640e-01 4.879910e-01 1.285641e-01 7.612037e-01 8.241421e-01
827 nan 2.648763e-01 6.466838e-01 7.788672e-02 4.657527e-01 8.469246e-01 7.358311e-01
828 nan 2.748393e-01 9.091326e-01 3.137291e-01 3.936159e-01 6.595758e-01 6.972258e-01
829 nan 4.832152e-01 9.431022e-01 6.458285e-01 6.685368e-01 5.109563e-01 4.355565e-01
830 nan 6.150075e-01 7.781703e-01 4.482402e-01 6.249540e-01 5.799005e-01 8.764335e-01
831 nan 5.982599e-01 5.246803e-01 3.321172e-01 7.297101e-01 8.094291e-01 7.964101e-01
832 nan 7.493521e-01 7.293528e-01 3.540815e-02 8.196488e-01 6.732546e-01 5.256858e-01
833 nan 6.253177e-01 6.117177e-01 3.503871e-01 4.222849e-01 6.933823e-01 3.935201e-01
834 nan 6.590754e-01 9.920849e-01 8.003574e-02 4.641248e-01 9.187633e-01 8.830421e-01
835 nan 4.447540e-01 8.896235e-01 2.288355e-01 6.013208e-01 7.399028e-01 7.266717e-01
836 nan 2.015148e-01 6.308206e-01 1.522713e-02 6.003366e-01 7.221999e-01 4.578435e-01
837 nan 7.954411e-01 7.709116e-01 6.613576e-01 6.929887e-01 9.255213e-01 7.976284e-01
838 nan 3.578458e-01 7.048851e-01 8.508072e-03 5.260200e-01 7.440470e-01 8.207342e-01
839 nan 6.452107e-01 9.938795e-01 5.503681e-01 5.856159e-01 5.664424e-01 7.976284e-01
840 nan 2.450412e-01 7.123845e-01 4.383282e-01 1.699073e-01 5.502140e-01 6.471737e-01
841 nan 5.477919e-01 8.023027e-01 4.407582e-01 6.430365e-01 7.153646e-01 5.426273e-01
842 nan 3.723532e-01 7.344154e-01 1.376229e-01 4.365595e-01 7.356676e-01 6.275055e-01
843 nan 4.702267e-01 8.470871e-01 1.679500e-01 5.412972e-01 9.485746e-01 8.058779e-01
844 nan 5.993077e-01 4.219875e-01 3.517629e-01 6.352691e-01 6.643372e-01 8.217238e-01
845 nan 7.150282e-01 3.961832e-01 1.211716e-01 4.680015e-01 2.678938e-01 6.020046e-01
846 nan 6.330158e-01 7.174519e-01 5.937811e-01 6.607925e-01 8.210319e-01 6.442283e-01
847 nan 3.683296e-01 8.255851e-01 2.888015e-01 5.459604e-01 8.603696e-01 7.958648e-01
848 nan 4.778400e-01 5.626877e-01 5.029991e-02 4.799906e-01 4.589365e-01 4.545417e-01
849 nan 3.586208e-01 6.876334e-01 3.752147e-01 7.191880e-01 5.586037e-01 2.574162e-01
850 nan 4.116803e-01 6.597040e-01 2.385425e-01 4.348074e-01 6.610248e-01 8.127715e-01
851 nan 5.406291e-01 5.334407e-01 6.978130e-01 8.296098e-01 2.833829e-01 3.183565e-01
852 nan 3.119821e-01 7.664488e-01 1.401043e-01 2.706532e-01 6.479329e-01 7.237992e-01
853 nan 4.672570e-01 5.920150e-01 3.438814e-01 5.127341e-01 5.831784e-01 5.465307e-01
854 nan 5.231272e-01 8.878573e-01 4.239012e-01 4.160029e-01 9.560554e-01 7.878706e-01
855 nan 3.973465e-01 9.387857e-01 5.779663e-02 6.903720e-01 6.033021e-01 5.984476e-01
856 nan 4.025336e-01 7.242807e-01 1.201074e-01 4.062397e-01 7.385966e-01 7.634520e-01
857 nan 5.249561e-01 8.293585e-01 1.461948e-01 5.542566e-01 7.117681e-01 9.320931e-01
858 nan 5.517080e-01 7.310860e-01 5.224063e-01 8.787204e-01 8.020848e-01 5.100222e-01
859 nan 5.031495e-01 8.022319e-01 6.163895e-02 5.869081e-01 6.877775e-01 6.066009e-01
860 nan 5.915415e-01 9.594424e-01 1.491157e-01 5.376826e-01 5.597230e-01 4.858506e-01
861 nan 4.935357e-01 4.071349e-01 3.191691e-01 1.434918e-01 6.587185e-01 5.188601e-01
862 nan 7.306991e-01 4.378270e-01 7.273387e-01 7.716695e-01 3.028424e-01 6.245883e-01
863 nan 3.981359e-01 8.288248e-01 5.752265e-02 6.777298e-01 6.600048e-01 3.610741e-01
864 nan 6.189940e-01 3.234363e-01 4.023278e-01 5.190114e-01 3.651072e-01 3.668887e-01
865 nan 3.838352e-01 6.138523e-01 1.758753e-01 6.186307e-01 3.634444e-01 4.825538e-01
866 nan 2.409473e-01 6.882190e-01 4.001289e-01 2.042189e-01 6.891989e-01 6.384999e-01
867 nan 4.597429e-01 7.495183e-01 2.122969e-01 6.109875e-01 8.423529e-01 4.622525e-01
868 nan 5.317014e-01 3.143359e-01 6.395553e-01 7.174359e-01 5.472464e-01 5.960292e-01
869 nan 5.023828e-01 9.795039e-01 5.285853e-02 4.945596e-01 8.967451e-01 8.020424e-01
870 nan 7.239125e-01 7.170174e-01 3.077251e-01 5.939351e-01 8.198657e-01 5.828702e-01
871 nan 5.389613e-01 9.785689e-01 5.552411e-01 4.417056e-01 6.301155e-01 6.430896e-01
872 nan 4.692885e-01 6.246009e-01 5.066272e-01 2.153250e-01 5.903565e-01 4.766033e-01
873 nan 9.481783e-01 9.777755e-01 3.759102e-01 6.293229e-01 5.418566e-01 4.806327e-01
874 nan 6.431441e-01 7.825056e-01 5.719831e-02 4.980179e-01 7.871426e-01 7.568070e-01
875 nan 4.101717e-01 8.345628e-01 1.428429e-02 6.439333e-01 6.653138e-01 7.869540e-01
876 nan 6.204881e-01 8.286501e-01 8.287817e-02 7.658613e-01 9.706252e-01 8.053442e-01
877 nan 7.476327e-01 9.985596e-01 5.903902e-02 5.422860e-01 6.296458e-01 6.862331e-01
878 nan 2.873153e-01 5.103378e-01 3.620594e-01 4.945642e-01 7.096053e-01 8.179015e-01
879 nan 2.622972e-01 9.743799e-01 6.286380e-01 3.237602e-01 3.880247e-01 6.201180e-01
880 nan 1.767840e-01 7.959131e-01 1.986460e-01 6.053401e-01 6.992900e-01 4.324983e-01
881 nan 4.212982e-01 8.992151e-01 3.823736e-01 5.237482e-01 9.307965e-01 8.993604e-01
882 nan 8.457707e-01 6.701456e-01 5.069110e-01 7.787379e-01 7.705666e-01 5.145837e-01
883 nan 3.019839e-01 4.512062e-01 6.952134e-01 1.363820e-01 3.671328e-01 3.447807e-01
884 nan 6.422741e-01 7.473884e-01 2.513414e-01 4.989285e-01 8.427349e-01 8.700488e-01
885 nan 4.823390e-01 4.295861e-01 2.040561e-01 2.921020e-01 5.655900e-01 6.754029e-01
886 nan 3.532518e-01 7.633980e-01 2.148286e-01 3.273288e-01 7.903999e-01 8.732660e-01
887 nan 9.109054e-01 6.281004e-01 7.448280e-01 9.596731e-01 6.843312e-01 5.123527e-01
888 nan 6.217260e-01 6.731823e-01 8.835875e-03 4.645616e-01 4.801415e-01 6.844215e-01
889 nan 8.330633e-01 7.419858e-01 3.475734e-01 4.314503e-01 5.308779e-01 3.138497e-01
890 nan 7.677282e-01 8.187326e-01 3.194736e-01 5.034215e-01 7.504622e-01 6.940052e-01
891 nan 3.809048e-01 7.610839e-01 3.262992e-01 3.536340e-01 5.247323e-01 7.648659e-01
892 nan 7.306041e-01 8.870403e-01 2.718137e-01 4.535889e-01 5.556368e-01 8.924933e-01
893 nan 4.817376e-01 5.927281e-01 5.952622e-01 2.673513e-01 7.105942e-01 6.788058e-01
894 nan 8.105974e-01 3.569857e-01 4.205827e-01 4.666219e-01 2.140877e-01 5.082022e-01
895 nan 3.853169e-01 5.188998e-01 2.366743e-01 4.884524e-01 5.707445e-01 4.140866e-01
896 nan 8.077104e-01 5.579793e-01 3.205404e-01 5.801801e-01 5.538871e-01 6.499069e-01
897 nan 7.096923e-01 8.388178e-01 1.731045e-01 5.275330e-01 4.669690e-01 6.601570e-01
898 nan 7.478931e-01 5.462625e-01 1.822352e-01 7.891956e-01 4.769718e-01 6.289625e-01
899 nan 7.808056e-01 9.454351e-01 3.628913e-01 6.358808e-01 8.069552e-01 7.522969e-01
900 nan 6.929550e-01 8.614721e-01 3.163259e-01 5.432931e-01 5.565223e-01 5.465026e-01
901 nan 5.297754e-01 4.092412e-01 5.927180e-01 2.518625e-01 4.549613e-01 5.622374e-01
902 nan 2.339168e-01 7.219761e-01 2.260704e-01 4.076699e-01 7.602141e-01 6.355395e-01
903 nan 5.547872e-01 7.706377e-01 1.776076e-01 6.713375e-01 7.582189e-01 7.535268e-01
904 nan 3.816115e-01 7.498630e-01 4.888552e-01 4.015995e-01 7.622955e-01 7.872175e-01
905 nan 3.301494e-01 8.966743e-01 2.997176e-01 1.476123e-01 6.686890e-01 8.433959e-01
906 nan 6.246502e-01 9.780399e-01 1.650404e-01 4.912623e-01 3.710680e-01 5.923048e-01
907 nan 7.287276e-01 7.295323e-01 1.043534e-01 6.104218e-01 7.599782e-01 5.047231e-01
908 nan 5.897146e-01 9.091089e-01 2.177236e-01 3.621739e-01 4.653683e-01 6.424779e-01
909 nan 4.165761e-01 3.834558e-01 3.918049e-01 2.520511e-01 3.787577e-01 4.238510e-01
910 nan 4.843807e-01 6.736073e-01 1.343533e-01 5.299934e-01 5.605051e-01 6.843552e-01
911 nan 5.027341e-01 6.117933e-01 6.862312e-02 4.293670e-01 4.897651e-01 8.268555e-01
912 nan 5.193102e-01 2.149631e-01 5.181473e-01 8.215527e-01 5.700845e-01 3.215473e-01
913 nan 4.929922e-01 5.924542e-01 3.240157e-01 5.191034e-01 8.901720e-01 7.952432e-01
914 nan 7.044246e-01 8.817887e-01 3.550005e-01 6.947914e-01 7.827867e-01 8.870616e-01
915 nan 5.197338e-01 6.084261e-01 4.504717e-02 6.964654e-01 3.272751e-01 4.398561e-01
916 nan 4.976937e-01 7.271190e-01 2.992539e-02 7.017862e-01 6.448867e-01 6.275967e-01
917 nan 4.559259e-01 7.626660e-01 3.276383e-01 4.790709e-01 8.526709e-01 6.985369e-01
918 nan 4.269751e-01 9.245613e-01 4.818977e-02 5.354384e-01 8.625606e-01 7.607917e-01
919 nan 5.302569e-01 2.396528e-01 7.615057e-01 9.085253e-01 5.820908e-01 3.924725e-01
920 nan 6.472194e-01 9.427527e-01 1.203416e-02 5.016832e-01 6.988652e-01 7.114092e-01
921 nan 3.124863e-01 4.779077e-01 3.428726e-01 2.222278e-01 7.286517e-01 7.500775e-01
922 nan 6.284155e-01 8.747662e-01 4.915535e-01 3.574096e-01 5.858295e-01 7.466613e-01
923 nan 3.815743e-02 8.974441e-01 4.718719e-02 3.907417e-01 6.191078e-01 6.926278e-01
924 nan 5.039740e-01 7.897265e-01 2.647843e-01 2.666247e-01 7.357062e-01 8.109963e-01
925 nan 7.346174e-01 9.964675e-01 3.970587e-01 6.301737e-01 7.258530e-01 6.438155e-01
926 nan 3.161752e-01 6.330449e-01 4.839263e-01 8.155513e-02 9.314420e-01 7.389721e-01
927 nan 4.950981e-01 5.520855e-01 1.258483e-01 5.113958e-01 6.019628e-01 6.382098e-01
928 nan 5.806340e-01 7.688195e-01 8.156388e-03 3.338085e-01 5.858323e-01 6.378302e-01
929 nan 6.674781e-01 9.444198e-01 5.456261e-01 7.656911e-01 8.132905e-01 5.681348e-01
930 nan 4.145136e-01 8.481166e-01 1.524412e-01 4.050348e-01 5.028045e-01 7.156309e-01
931 nan 1.628924e-01 7.172866e-01 3.096807e-01 5.415088e-01 4.744532e-01 3.214229e-01
932 nan 7.734299e-01 6.440250e-01 1.811765e-01 6.058644e-01 8.020828e-01 9.032091e-01
933 nan 2.313170e-01 5.165055e-01 1.474295e-01 3.542640e-01 5.502919e-01 2.978331e-01
934 nan 6.370249e-01 9.770529e-01 5.915714e-01 5.344036e-01 6.623531e-01 4.554699e-01
935 nan 3.279237e-01 5.268716e-01 6.305141e-01 1.035374e-01 3.164026e-01 4.876540e-01
936 nan 7.636012e-01 8.783271e-01 2.054778e-01 7.444309e-01 2.660379e-01 6.239021e-01
937 nan 2.830540e-01 7.795823e-01 1.772113e-01 4.329495e-01 6.350390e-01 5.481137e-01
938 nan 2.400050e-01 4.907107e-01 5.061764e-01 3.676925e-01 3.834116e-01 5.606661e-01
939 nan 6.793610e-01 8.141612e-01 3.013432e-01 5.423825e-01 8.334417e-01 8.681509e-01
940 nan 5.253942e-01 7.908174e-01 2.281407e-01 6.539908e-01 8.181961e-01 4.048907e-01
941 nan 5.902147e-01 8.971844e-01 2.398440e-01 6.315901e-01 5.885164e-01 6.686054e-01
942 nan 5.397590e-01 5.843219e-01 5.976757e-01 4.673715e-01 5.877295e-01 8.307142e-01
943 nan 1.920974e-01 7.104247e-01 2.775826e-01 4.344395e-01 6.110974e-01 5.052485e-01
944 nan 7.498316e-01 7.382691e-01 3.596901e-01 6.576929e-01 7.627831e-01 6.883780e-01
945 nan 5.908223e-01 9.414776e-01 5.940503e-01 2.692874e-01 6.232637e-01 7.609226e-01
946 nan 4.932547e-01 7.389727e-01 3.354347e-03 6.122015e-01 7.338241e-01 3.707259e-01
947 nan 4.014259e-01 7.903121e-01 7.731000e-01 2.611567e-01 8.644276e-01 7.975671e-01
948 nan 3.307591e-01 4.449440e-01 7.252259e-01 6.572192e-01 7.663031e-01 3.895437e-01
949 nan 6.343632e-01 9.187903e-01 2.694313e-01 3.711140e-01 2.997776e-01 5.960408e-01
950 nan 3.712517e-01 6.317651e-01 2.198313e-01 3.504286e-01 6.339438e-01 7.149414e-01
951 nan 2.159871e-01 9.185211e-01 7.188529e-02 4.524346e-01 7.282275e-01 7.801432e-01
952 nan 7.797268e-01 6.015027e-01 2.340393e-01 8.195569e-01 6.452267e-01 7.036918e-01
953 nan 5.965550e-01 7.441676e-01 2.363010e-01 4.940813e-01 9.335793e-01 8.660658e-01
954 nan 5.278266e-01 8.699964e-01 3.023142e-01 2.367003e-01 8.442860e-01 7.529599e-01
955 nan 4.476865e-01 7.707841e-01 3.910293e-02 6.687024e-01 5.579685e-01 3.363456e-01
956 nan 6.949079e-01 9.774118e-01 3.009465e-01 4.790893e-01 7.065321e-01 8.394311e-01
957 nan 6.183265e-01 7.692162e-01 3.787187e-02 4.388130e-01 6.458556e-01 7.533130e-01
958 nan 2.432268e-01 4.862053e-01 8.481689e-01 5.510697e-01 5.158957e-01 6.194483e-01
959 nan 2.927360e-01 6.181074e-01 2.374445e-01 4.748538e-01 3.074121e-01 4.482829e-01
960 nan 3.009258e-01 9.958961e-01 3.710892e-01 4.274861e-01 4.626241e-01 5.434809e-01
961 nan 7.279795e-01 9.761745e-01 2.961688e-01 7.577352e-01 6.388818e-01 6.601272e-01
962 nan 3.466015e-01 9.849727e-01 3.341166e-01 3.298076e-01 8.385052e-01 5.864272e-01
963 nan 6.409370e-01 9.886233e-01 5.444287e-02 1.788704e-01 7.228406e-01 6.880664e-01
964 nan 5.202546e-01 7.136407e-01 4.093023e-01 3.493479e-01 5.559947e-01 6.141493e-01
965 nan 3.465457e-01 7.957289e-01 3.036734e-01 4.423126e-01 5.718487e-01 9.245099e-01
966 nan 2.995702e-01 6.827597e-01 2.185939e-01 6.754304e-01 8.173960e-01 3.568392e-01
967 nan 5.372585e-01 8.176181e-01 1.670134e-01 7.796071e-01 6.984789e-01 4.309701e-01
968 nan 5.743743e-01 5.848934e-01 3.207188e-01 4.536809e-01 7.049225e-01 7.266518e-01
969 nan 4.211102e-01 6.083174e-01 4.726730e-01 3.641100e-01 8.916230e-01 9.080972e-01
970 nan 3.050673e-01 5.634575e-01 4.431434e-01 4.979443e-01 1.575651e-01 6.887476e-01
971 nan 5.858274e-01 7.365689e-01 3.775077e-01 7.798370e-01 8.714552e-01 7.292856e-01
972 nan 1.751224e-01 4.438058e-01 5.585976e-01 1.439333e-01 5.577209e-01 2.849857e-01
973 nan 5.460270e-01 9.940070e-01 2.456213e-01 2.996441e-01 6.926499e-01 6.217540e-01
974 nan 4.936618e-01 7.956533e-01 6.909623e-02 3.508057e-01 7.579940e-01 8.893291e-01
975 nan 4.239063e-01 8.740012e-01 3.081582e-01 2.680733e-01 6.003952e-01 7.835859e-01
976 nan 3.267581e-01 9.656053e-01 1.504253e-01 5.312672e-01 8.750973e-01 8.827769e-01
977 nan 8.078510e-01 8.624875e-01 2.085819e-01 5.134193e-01 8.328114e-01 6.926809e-01
978 nan 5.071421e-01 5.797316e-01 5.923124e-02 4.548766e-01 5.820060e-01 3.415121e-01
979 nan 5.774701e-01 7.308452e-01 1.177233e-01 4.827453e-01 3.603403e-01 8.352077e-01
980 nan 4.229494e-01 7.999509e-01 4.433403e-01 1.626780e-01 4.521936e-01 5.803143e-01
981 nan 7.008266e-01 5.616865e-01 2.238974e-01 6.172970e-01 8.746339e-01 5.496071e-01
982 nan 6.534398e-01 7.697924e-01 2.570812e-01 5.352866e-01 3.926158e-01 7.679820e-01
983 nan 9.960487e-01 6.334227e-01 2.847741e-01 7.773813e-01 5.107480e-01 6.212368e-01
984 nan 5.684556e-01 2.677145e-01 4.265745e-01 7.023702e-01 5.457601e-01 4.783188e-01
985 nan 5.636384e-01 8.808489e-01 1.820879e-01 4.579578e-01 6.805105e-01 8.250123e-01
986 nan 5.398603e-01 4.439759e-01 2.458352e-01 5.797064e-01 5.110060e-01 6.856480e-01
987 nan 1.895720e-01 6.721764e-01 1.726578e-01 4.928581e-01 2.686621e-01 6.348467e-01
988 nan 4.447126e-01 7.306043e-01 3.078901e-02 5.780922e-01 8.859402e-01 4.522759e-01
989 nan 0.000000e+00 5.100591e-01 4.118611e-01 9.102866e-02 4.638496e-01 2.070126e-01
990 nan 6.240737e-01 8.492548e-01 1.650245e-01 5.757055e-01 8.598627e-01 9.230762e-01
991 nan 8.423423e-01 7.270718e-01 6.994365e-01 6.503854e-01 7.442063e-01 7.416291e-01
992 nan 2.025212e-01 8.674226e-01 2.382996e-01 5.085538e-01 4.615896e-01 6.843552e-01
993 nan 4.038852e-01 5.431315e-01 5.749969e-01 5.035043e-01 6.611317e-01 7.031034e-01
994 nan 4.239724e-01 8.146948e-01 2.071692e-01 6.716548e-01 7.345345e-01 6.269337e-01
995 nan 2.554630e-01 9.640327e-01 6.162675e-02 4.246073e-01 9.611410e-01 9.898411e-01
996 nan 2.514828e-01 8.393940e-01 3.870180e-02 3.727742e-01 2.738656e-01 4.941979e-01
997 nan 5.156461e-01 8.362818e-01 6.720400e-01 1.188652e-01 6.741739e-01 5.826166e-01
998 nan 5.383558e-01 7.537356e-01 1.029221e-01 7.355322e-01 4.783201e-01 5.847830e-01
999 nan 2.155159e-01 7.440684e-01 2.688516e-01 1.680402e-01 8.638827e-01 7.429535e-01
0 0.000000e+00 0.000000e+00
1 1.175682e+00 1.659572e+00
2 1.588173e+02 1.799921e+02
3 7.274232e-04 1.321232e+01
4 1.266150e+02 1.483598e+02
5 7.185138e+01 8.635123e+01
6 9.301465e-01 9.904776e-01
