1 0.93 0.26 0.17 0.54 0.98 0.97 0.27 0.76
2 0.51 0.17 0.12 0.56 0.12 0.51 0.2 0.45
3 0.16 0.38 0.54 0.62 0.69 0.58 0.51 0.08
4 0.09 0.61 0.72 0.25 0.92 0.94 0.42 0.34
5 0.48 0.9 0.65 0.58 0.67 0.83 0.86 0.78
6 0.87 0.12 0.8 0.08 0.58 0.26 0.99 0.42
7 0.98 0.96 0.77 0.35 0.74 0.25 0.13 0.12
8 0.72 0.24 0.74 0.7 1.0 0.26 0.43 0.41
9 0.54 0.49 0.27 0.38 0.09 0.55 0.65 0.58
10 0.31 0.32 0.88 0.81 0.32 0.44 0.91 0.29
11 0.35 0.87 0.15 0.36 0.88 0.21 0.44 0.35
12 0.25 0.75 0.41 0.14 0.38 0.48 0.35 0.2
13 0.46 0.02 0.11 0.62 0.28 0.27 0.13 0.99
14 0.7 0.18 0.6 0.8 0.4 0.71 0.84 0.06
15 0.69 0.67 0.41 0.21 0.98 0.06 0.8 0.11
16 0.83 0.53 0.79 0.47 0.26 0.07 0.77 0.92
17 0.23 0.82 0.52 0.71 0.42 0.04 0.68 0.35
18 0.22 0.52 0.81 0.77 0.83 0.69 0.16 0.36
19 0.6 0.31 0.83 0.27 0.97 0.13 0.58 0.36
20 0.18 0.36 0.7 0.07 0.9 0.41 0.24 0.89
21 0.24 0.66 0.89 0.49 0.37 0.27 0.9 0.75
22 0.86 0.91 0.3 0.55 0.1 0.63 0.31 0.0
23 0.47 0.72 0.17 0.41 0.39 0.45 0.94 0.0
24 0.37 0.5 0.48 0.5 0.93 0.73 0.7 0.01
25 0.26 0.2 0.51 0.51 0.65 0.78 0.6 0.76
26 0.86 0.79 0.23 0.92 0.85 0.65 0.69 0.2
27 0.3 0.1 0.76 0.52 0.08 0.82 0.22 0.75
28 0.78 0.49 0.42 0.02 0.04 0.38 0.86 0.14
29 0.46 0.08 0.98 0.74 0.65 0.47 0.37 0.52
30 0.49 0.35 0.24 0.53 0.46 0.63 0.04 0.78
31 0.64 0.77 0.47 0.91 0.1 0.01 0.5 0.65
32 0.24 0.03 0.67 0.42 0.13 0.83 0.95 0.67
33 0.51 0.25 0.49 0.28 0.1 0.46 0.42 0.56
34 0.0 0.01 0.44 0.42 0.17 0.66 0.16 0.87
35 0.14 0.55 0.73 0.42 0.25 0.8 0.28 0.07
36 0.78 0.79 0.97 0.6 0.91 0.4 0.72 0.88
37 0.94 0.83 0.31 0.88 0.27 0.83 0.0 0.92
38 0.47 0.24 0.76 1.0 0.58 0.66 0.84 0.54
39 0.72 0.23 0.96 0.71 0.68 0.02 0.67 0.91
40 0.07 0.94 0.2 0.12 0.99 0.68 0.36 0.16
41 0.29 0.02 0.9 0.02 0.29 0.91 0.65 0.02
42 0.26 0.24 0.07 0.75 0.79 0.09 0.68 0.1
43 0.18 0.66 0.67 0.21 0.71 0.57 0.25 0.21
44 0.16 0.94 0.47 0.06 0.18 0.81 0.52 0.02
45 0.09 0.16 0.44 0.56 0.49 0.24 0.41 0.16
46 0.23 0.69 0.04 0.45 0.44 0.11 0.25 0.41
47 0.38 0.39 0.73 0.16 0.98 0.44 0.17 0.38
48 0.12 0.23 0.31 0.49 0.54 0.64 0.98 0.67
49 0.91 0.86 0.35 0.2 0.94 0.93 0.9 0.2
50 0.38 0.79 0.72 0.87 0.52 0.6 0.16 0.79
51 0.76 0.53 0.94 0.38 0.92 0.51 0.47 0.65
52 0.49 0.3 0.04 0.52 0.73 0.7 0.21 0.94
53 0.55 0.76 0.08 0.13 0.46 0.54 0.52 0.46
54 0.53 0.87 0.14 0.63 0.3 0.12 0.81 0.07
55 0.08 0.38 0.29 0.11 0.79 0.61 0.95 0.85
56 0.01 0.04 0.85 0.23 0.23 0.98 0.24 0.64
57 0.84 0.72 0.18 0.22 0.75 0.03 0.27 0.44
58 0.12 0.11 0.11 0.02 0.27 0.67 0.62 0.78
59 0.07 0.58 0.55 0.71 0.56 0.68 0.21 0.05
60 0.22 0.32 0.39 0.16 0.9 0.07 0.29 0.04
61 0.26 0.66 0.76 0.72 0.63 0.15 0.1 0.06
62 0.61 0.44 0.71 0.4 0.0 0.61 0.95 0.77
63 0.53 0.81 0.55 0.3 0.49 0.85 0.88 0.98
64 0.85 0.03 0.46 0.79 0.32 0.92 0.26 0.66
65 0.43 0.57 0.79 0.7 0.23 0.72 0.52 0.53
66 0.76 0.06 0.49 0.21 0.99 0.16 0.08 0.91
67 0.21 0.64 0.41 0.37 0.18 0.36 0.63 0.62
68 0.47 0.85 0.23 0.82 0.35 0.85 0.93 0.07
69 0.58 0.32 0.38 0.05 0.6 0.39 0.81 0.17
70 0.1 0.37 0.09 0.58 0.81 0.13 0.48 0.83
71 0.97 0.18 0.62 0.02 0.36 0.42 0.34 0.51
72 0.62 0.76 0.48 0.52 0.3 0.92 0.2 0.65
73 0.89 0.41 0.17 0.01 0.91 0.47 0.34 0.59
74 0.72 0.23 0.09 0.43 0.7 0.08 0.43 0.92
75 0.32 0.07 0.51 0.4 0.91 0.9 0.1 0.61
76 0.66 0.63 0.11 0.28 0.74 0.52 0.38 0.54
77 0.92 0.11 0.78 0.24 0.49 0.94 0.99 0.69
78 0.08 0.71 0.56 0.38 0.26 0.54 0.44 0.09
79 0.18 0.14 0.94 0.84 0.37 0.74 0.76 0.23
80 0.69 0.04 0.19 0.16 0.14 0.44 0.59 0.98
81 0.95 0.65 0.25 0.78 0.14 0.8 0.27 0.22
82 0.15 0.61 0.15 0.34 0.18 0.89 0.06 0.88
83 0.84 0.95 0.34 0.43 0.68 0.19 0.07 0.91
84 0.65 0.27 0.05 0.86 0.77 0.07 0.63 0.97
85 0.75 0.44 0.36 0.46 0.37 0.03 0.03 0.32
86 0.57 0.24 0.99 0.85 0.22 0.98 0.89 0.71
87 0.63 0.03 0.69 0.45 0.15 0.34 0.83 0.63
88 0.1 0.02 0.04 0.51 0.92 0.79 0.66 0.71
89 0.93 0.73 0.36 0.32 0.71 0.37 0.56 0.11
90 0.34 0.19 0.4 0.07 0.27 0.38 0.01 0.42
91 0.05 0.49 0.09 0.44 0.39 0.08 0.35 0.91
92 0.55 0.78 0.98 0.54 0.6 0.2 0.46 0.87
93 0.45 0.14 0.63 0.65 0.54 0.44 0.69 0.19
94 0.68 0.31 0.88 0.67 0.2 0.62 0.08 0.77
95 0.1 0.06 0.7 0.86 0.86 0.26 0.91 0.84
96 0.67 0.89 0.2 0.84 0.52 0.44 0.91 0.11
97 0.13 0.25 0.35 0.65 0.99 0.37 0.93 0.33
98 0.47 0.95 0.77 0.97 0.84 0.1 0.13 0.63
99 0.22 0.71 0.41 0.6 0.45 0.1 0.24 0.15
100 0.22 0.72 0.99 0.36 0.28 0.6 0.25 0.89
101 0.96 0.04 0.32 0.71 0.28 0.5 0.53 0.89
102 0.1 0.86 0.44 0.72 0.58 0.07 0.23 0.06
103 0.78 0.51 0.72 0.5 0.09 0.24 0.29 0.56
104 0.51 0.06 0.65 0.8 0.01 0.35 0.97 0.85
105 0.02 0.29 0.18 0.32 0.02 0.94 0.3 0.42
106 0.21 0.24 0.59 0.01 0.6 0.54 0.73 0.74
107 0.7 0.15 0.3 0.71 0.65 0.74 0.82 0.22
108 0.0 0.68 0.88 0.15 0.87 0.35 0.94 0.81
109 0.28 0.29 0.45 0.2 0.88 0.0 0.26 0.04
110 0.31 0.06 0.67 0.38 0.58 0.53 0.14 0.46
111 0.65 0.43 0.72 0.75 0.04 0.53 0.56 0.23
112 0.97 0.42 0.57 0.17 0.24 0.28 0.41 0.01
113 0.39 0.89 0.57 0.95 0.31 0.58 0.57 0.63
114 0.0 0.35 0.12 0.31 0.45 0.39 0.29 0.93
115 0.64 0.05 0.17 0.33 0.34 0.43 0.56 0.67
116 0.25 0.81 0.29 0.73 0.8 0.36 0.51 0.37
117 0.54 0.87 0.85 0.84 0.96 0.74 1.0 0.7
118 0.07 0.94 0.96 0.29 0.7 0.93 0.07 0.23
119 0.07 0.45 0.18 0.06 0.73 0.76 0.36 0.56
120 0.01 0.2 0.87 0.05 0.74 0.97 0.55 0.42
121 0.02 0.56 0.47 0.51 0.51 0.33 0.2 0.51
122 0.69 0.86 0.93 0.18 0.67 0.26 0.7 0.38
123 0.04 0.26 0.86 0.93 0.58 0.95 0.22 0.4
124 0.05 0.64 0.58 0.88 0.84 0.69 0.09 0.38
125 0.05 0.0 0.21 0.08 0.64 0.56 0.15 0.78
126 0.78 0.84 0.76 0.9 0.58 0.95 0.16 0.44
127 0.92 0.09 0.96 0.02 0.82 0.86 0.36 0.56
128 0.13 0.21 0.33 0.1 0.09 0.55 0.22 0.07
129 0.98 0.18 0.4 0.03 0.69 0.03 1.0 0.54
130 0.03 0.27 0.68 0.24 0.17 0.23 0.31 0.43
131 0.4 0.66 0.37 0.53 0.08 0.71 0.39 0.6
132 0.97 0.63 0.36 0.46 0.07 0.64 0.29 0.01
133 0.75 0.37 0.61 0.68 0.34 0.49 0.18 0.32
134 0.0 0.13 0.72 0.9 0.8 0.33 0.38 0.78
135 0.82 0.91 0.12 0.58 0.56 0.16 0.56 0.87
136 0.14 0.71 0.56 0.31 0.47 0.53 0.92 0.09
137 0.99 0.11 0.94 0.87 0.59 0.15 0.93 0.22
138 0.81 0.15 0.38 0.1 0.21 0.37 0.02 0.57
139 0.18 0.49 0.72 0.59 0.34 0.67 0.71 0.19
140 0.14 0.47 0.76 0.1 0.87 0.42 0.75 0.65
141 0.8 0.51 0.2 0.83 0.73 0.86 0.15 0.02
142 0.25 0.97 0.2 0.95 0.2 0.01 0.67 0.99
143 0.41 0.02 0.16 0.81 0.15 0.84 0.15 0.73
144 0.7 0.71 0.45 0.74 0.04 0.31 0.65 0.69
145 0.67 0.43 0.46 0.48 0.45 0.5 0.67 0.18
146 0.17 0.23 0.4 0.91 0.06 0.85 0.45 0.04
147 0.46 0.47 0.26 0.43 0.67 0.46 0.78 0.17
148 0.94 0.55 0.61 0.82 0.55 0.38 0.33 0.6
149 0.81 0.24 0.22 0.05 0.74 0.49 0.76 0.5
150 0.84 0.6 0.9 0.86 0.56 0.98 0.99 0.74
151 0.37 0.92 0.43 0.22 0.34 0.15 0.08 0.23
152 0.18 0.38 0.98 0.52 0.31 0.87 0.99 0.53
153 0.31 0.4 0.64 0.56 0.73 0.14 0.97 0.42
154 0.76 0.6 0.45 0.68 0.57 0.42 0.07 0.11
155 0.51 0.26 0.97 0.97 0.14 0.66 0.14 0.63
156 0.66 0.79 0.6 0.04 0.66 0.08 0.48 0.87
157 0.98 0.82 0.85 0.4 0.27 0.4 0.26 0.86
158 0.0 0.87 0.76 0.15 0.96 0.48 0.72 0.45
159 0.27 0.46 0.27 0.89 0.31 0.73 0.42 0.44
160 0.82 0.1 0.44 0.09 0.78 0.05 0.37 0.07
161 0.31 0.99 0.71 0.59 0.78 0.55 0.02 0.07
162 0.75 0.61 0.55 0.12 0.53 0.78 0.48 0.34
163 0.85 0.05 0.39 0.96 0.27 0.28 0.59 0.41
164 0.18 0.8 0.33 0.38 0.91 0.2 0.02 0.45
165 0.74 0.29 0.75 0.73 0.53 0.8 0.06 0.87
166 0.89 0.88 0.88 0.68 0.26 0.04 0.01 0.25
167 0.01 0.04 1.0 0.24 0.91 0.9 0.77 0.06
168 0.93 0.81 0.75 0.17 0.42 0.21 0.68 0.14
169 0.5 0.98 0.68 0.81 0.18 1.0 0.3 0.74
170 0.93 0.28 0.68 0.48 0.7 0.83 0.19 0.98
171 0.79 0.62 0.02 0.03 0.48 0.57 0.92 0.79
172 0.33 0.54 0.12 0.49 0.77 0.83 0.65 0.28
173 0.29 0.93 0.5 0.78 0.19 0.34 0.59 0.3
174 0.73 0.58 0.36 0.46 0.59 0.73 0.28 0.17
175 1.0 0.08 0.45 0.53 0.12 0.58 0.35 0.27
176 0.36 0.25 0.99 0.72 0.62 0.03 0.73 0.84
177 0.75 0.21 0.79 0.64 0.67 0.17 0.19 0.91
178 0.7 0.48 0.44 0.71 0.04 0.11 0.63 0.12
179 0.8 0.84 0.21 0.99 0.19 0.72 0.84 0.89
180 0.63 0.56 0.5 0.16 0.94 0.01 0.64 0.11
181 0.87 0.42 0.84 0.04 0.38 0.42 0.07 0.86
182 0.08 0.53 0.88 0.44 0.98 0.8 0.63 0.16
183 1.0 0.78 0.04 0.07 0.04 0.32 0.47 0.24
184 0.23 0.21 0.18 0.43 0.41 0.64 0.34 0.75
185 0.16 0.37 0.95 0.85 0.94 0.19 0.17 0.09
186 0.45 0.71 0.1 0.64 0.75 0.45 0.6 0.62
187 0.77 0.01 0.89 0.39 0.11 0.17 0.41 0.05
188 0.43 0.62 0.89 0.95 0.64 0.4 0.8 0.09
189 0.81 0.28 0.7 0.32 0.44 0.95 0.78 0.49
190 0.06 0.12 0.43 0.96 0.25 0.59 0.16 0.69
191 0.04 0.93 0.47 0.64 0.05 0.15 0.82 0.81
192 0.97 0.94 0.96 0.28 0.85 0.14 0.53 0.95
193 0.34 0.17 0.89 0.93 0.6 0.15 0.84 0.27
194 0.32 0.14 0.01 0.49 0.52 0.63 0.16 0.06
195 0.51 0.14 0.98 0.95 0.77 0.66 0.02 0.57
196 0.31 0.85 0.99 0.48 0.89 0.19 0.61 0.69
197 0.13 0.16 0.39 0.94 0.08 0.75 0.81 0.91
198 0.26 0.69 0.36 0.23 0.97 0.88 1.0 0.82
199 0.34 0.11 0.99 0.88 0.1 0.09 0.29 0.37
200 0.34 0.6 0.02 0.08 0.6 0.21 0.22 0.98
201 0.54 0.92 0.93 0.69 0.71 0.63 0.47 0.64
202 0.16 0.82 0.4 0.38 0.9 0.71 0.66 0.44
203 0.58 0.16 0.25 0.91 0.72 0.51 0.27 0.27
204 0.53 0.65 0.41 0.56 0.57 0.79 0.62 0.17
205 0.81 0.88 0.28 0.12 0.13 0.14 0.31 0.39
206 0.92 0.46 0.54 0.48 0.61 0.46 0.31 0.28
207 0.55 0.47 0.18 0.68 0.8 0.15 0.14 0.15
208 0.15 0.02 0.2 0.84 0.16 0.96 0.44 0.54
209 0.0 0.43 0.65 0.41 0.33 0.23 0.02 0.47
210 0.99 0.87 0.49 0.22 0.9 0.67 0.76 0.22
211 0.74 0.29 0.63 0.85 0.95 0.03 0.18 0.51
212 0.61 0.52 0.4 0.56 0.98 0.31 0.54 0.13
213 0.07 0.23 0.93 0.69 0.2 0.7 0.58 0.28
214 0.2 0.04 0.02 0.65 0.5 0.87 0.76 0.46
215 0.59 0.59 0.38 0.2 0.33 0.68 0.5 0.29
216 0.71 0.25 0.98 0.66 0.53 0.72 0.85 0.56
217 0.48 0.59 0.99 0.96 0.94 0.82 0.77 0.43
218 0.77 0.02 0.04 0.87 0.62 0.84 0.03 0.03
219 0.61 0.51 0.04 0.88 0.0 0.52 0.17 0.73
220 1.0 0.86 0.83 0.84 0.04 0.51 0.09 0.06
221 0.04 0.9 0.62 0.77 0.49 0.38 0.5 0.64
222 0.13 0.59 0.3 0.19 0.89 0.9 0.57 0.81
223 0.46 0.49 0.64 0.91 0.61 0.71 0.41 0.65
224 0.26 0.06 0.79 0.52 0.99 0.05 0.18 0.62
225 0.96 0.65 0.91 0.31 0.41 0.11 0.6 0.31
226 0.33 0.17 0.02 0.4 0.33 0.96 0.39 0.35
227 0.69 0.1 0.78 0.52 0.08 0.06 0.12 0.03
228 0.82 0.87 0.58 0.54 0.6 0.36 0.75 0.51
229 0.69 0.11 0.97 0.99 0.89 0.13 0.09 0.47
230 0.81 0.03 0.12 0.34 0.12 0.46 0.19 0.85
231 0.57 0.01 0.81 0.39 0.94 0.29 0.95 0.2
232 0.19 0.28 0.03 0.19 0.46 0.9 0.77 0.78
233 0.71 0.43 0.83 0.63 0.51 0.09 0.32 0.5
234 0.75 0.84 0.07 0.08 0.84 0.91 0.29 0.46
235 0.22 0.98 0.72 0.17 0.1 0.4 0.95 0.87
236 0.73 0.42 0.27 0.34 0.95 0.73 0.65 0.84
237 0.84 0.45 0.62 0.89 0.74 0.05 0.41 0.64
238 0.27 0.72 0.44 0.57 0.27 0.2 0.37 0.1
239 0.18 0.91 0.55 0.13 0.94 0.87 0.38 0.75
240 0.49 0.2 0.87 0.7 0.54 0.68 0.58 0.38
241 0.49 0.58 0.34 0.45 0.47 0.64 0.73 0.48
242 0.02 0.09 0.5 0.19 0.78 0.84 0.06 0.29
243 0.02 0.0 0.49 0.33 0.07 0.78 0.37 0.41
244 0.27 0.66 0.84 0.69 0.79 0.88 0.83 0.09
245 0.57 0.58 0.24 0.81 0.57 0.81 0.98 0.28
246 0.4 0.39 0.88 0.83 0.18 0.91 0.03 0.34
247 0.82 0.52 0.67 0.48 0.26 0.1 0.08 0.01
248 0.67 0.53 0.6 0.04 0.63 0.47 0.88 0.45
249 0.32 0.54 0.84 0.65 0.17 0.24 0.0 0.69
250 0.47 0.53 0.54 0.43 0.17 0.62 0.0 0.09
251 0.12 0.79 0.32 0.68 0.46 0.97 0.86 0.17
252 0.5 0.33 0.56 0.61 0.5 0.51 0.11 0.66
253 0.8 0.99 0.62 0.92 0.17 0.44 0.64 0.77
254 0.11 0.36 0.04 0.24 0.7 0.4 0.88 0.84
255 0.3 0.53 0.32 0.35 0.49 0.82 0.94 0.59
256 0.48 0.15 0.49 0.89 0.82 0.17 0.83 0.91
257 0.63 0.54 0.05 0.31 0.91 0.14 0.91 0.95
258 0.92 0.88 0.18 0.44 0.22 0.82 0.46 0.31
259 0.85 0.94 0.91 0.74 0.1 0.15 0.02 0.81
260 0.05 0.24 0.33 0.47 0.56 0.77 0.51 0.59
261 0.59 0.97 0.13 0.13 0.9 0.17 0.57 0.19
262 0.7 0.22 0.68 0.55 0.04 0.55 0.18 0.56
263 0.16 0.84 0.99 0.95 0.77 0.64 0.69 0.52
264 0.89 0.53 0.63 0.35 0.78 0.46 0.19 0.66
265 0.57 0.77 0.33 0.06 0.43 0.94 0.66 0.05
266 0.27 0.21 0.71 0.91 0.96 0.4 0.2 0.12
267 0.44 0.9 0.8 0.37 0.63 0.41 0.59 0.42
268 0.65 0.78 0.89 0.36 0.7 0.01 0.9 0.59
269 0.22 0.99 0.4 0.88 0.18 0.19 0.92 0.84
270 0.79 0.34 0.77 0.35 0.77 0.71 0.71 0.63
271 0.94 0.25 0.08 0.29 0.06 0.25 0.29 0.31
272 0.65 0.02 0.66 0.23 0.59 0.33 0.14 0.17
273 0.37 0.1 0.4 0.19 0.29 0.64 0.39 0.36
274 0.73 0.46 0.7 0.66 0.75 0.52 0.17 0.28
275 0.82 0.1 0.84 0.02 0.98 0.69 0.4 0.33
276 0.43 0.01 0.38 0.72 0.25 0.89 1.0 0.68
277 0.73 0.83 0.88 0.32 0.41 0.52 0.52 0.03
278 0.13 0.28 0.43 0.53 0.22 0.74 0.72 0.49
279 0.12 0.96 0.58 0.25 0.5 0.98 0.73 0.49
280 0.1 0.24 0.25 0.22 0.31 0.04 0.21 0.28
281 0.13 0.86 0.74 0.93 0.6 0.17 0.07 0.33
282 0.27 0.44 0.6 0.7 0.07 0.9 0.77 0.83
283 0.14 0.05 0.1 0.19 0.33 0.66 0.02 0.32
284 0.5 0.93 0.88 0.23 0.69 0.09 0.9 0.08
285 0.69 0.12 0.96 0.86 0.75 0.89 0.42 0.64
286 0.98 0.39 0.42 0.67 0.17 0.77 0.19 0.2
287 0.4 0.39 0.08 0.96 0.75 0.3 0.68 0.61
288 0.27 0.33 0.11 0.52 0.54 0.17 0.62 0.56
289 0.1 0.75 0.56 0.6 0.26 0.97 0.87 0.06
290 0.69 0.02 0.72 0.62 0.48 0.94 0.4 0.54
291 0.65 0.78 0.72 0.67 0.45 0.76 0.13 0.29
292 0.51 0.4 0.25 0.39 0.94 0.53 0.44 0.13
293 0.23 0.6 0.54 0.05 0.88 0.06 0.62 0.43
294 0.48 0.77 0.36 0.09 0.83 0.98 0.07 0.96
295 0.58 0.14 1.0 0.51 0.19 0.91 0.86 0.39
296 0.28 0.47 0.04 0.66 0.85 0.27 0.02 0.64
297 0.45 0.98 0.58 0.32 0.61 0.79 0.34 0.92
298 0.58 0.09 0.03 0.29 0.78 0.44 0.84 0.07
299 0.48 0.22 0.36 0.0 0.32 0.06 0.54 0.02
300 0.34 0.02 0.93 0.54 0.09 0.19 0.58 0.65
301 0.92 0.83 0.94 0.35 0.05 0.01 0.91 0.07
302 0.68 0.5 0.71 0.42 0.25 0.85 0.05 0.48
303 0.89 0.32 0.12 0.84 0.29 0.74 0.97 0.14
304 0.97 0.97 0.94 0.56 0.95 0.77 0.86 0.97
305 0.73 0.94 0.37 0.28 0.14 0.06 0.43 0.73
306 0.05 0.83 0.95 0.46 0.47 0.07 0.34 0.37
307 0.99 0.84 0.49 0.6 0.4 0.05 0.73 0.07
308 0.75 0.58 0.75 0.52 0.67 0.24 0.63 0.23
309 0.91 0.02 0.69 0.17 0.5 0.49 0.36 0.46
310 0.67 0.14 0.46 0.18 0.47 0.43 0.03 0.94
311 0.99 0.09 0.07 0.15 0.73 0.69 0.49 0.69
312 0.38 0.24 0.16 0.74 0.21 0.75 0.21 0.14
313 0.75 0.06 0.73 0.92 0.88 0.55 0.82 0.79
314 0.28 0.51 0.43 0.52 0.1 0.11 0.81 0.2
315 0.04 0.92 0.57 0.35 0.79 0.32 0.48 0.19
316 0.45 0.74 0.77 0.56 0.21 0.85 0.95 0.67
317 0.62 0.17 0.45 0.61 0.5 0.39 0.05 0.7
318 0.24 0.1 0.32 0.51 0.87 0.52 0.46 0.54
319 0.99 0.45 0.82 0.7 0.79 0.34 0.33 0.0
320 0.55 0.56 0.97 0.54 0.87 0.98 0.15 0.01
321 0.07 0.7 0.83 0.3 0.3 0.79 0.72 0.82
322 0.01 0.22 0.26 0.65 0.92 0.84 0.16 0.45
323 0.58 0.67 0.26 0.56 0.78 0.11 0.06 0.8
324 0.61 0.59 0.2 0.04 0.35 0.82 0.88 0.51
325 0.41 0.55 0.81 0.1 0.9 0.25 0.69 0.02
326 0.22 0.42 0.43 0.1 0.8 0.59 0.34 0.26
327 0.53 0.65 0.77 0.63 0.45 0.37 0.62 0.65
328 0.14 0.77 0.52 0.39 0.42 0.12 0.46 0.59
329 0.81 0.75 0.66 0.95 0.21 0.17 0.55 0.82
330 0.59 0.12 0.95 0.61 0.02 0.67 0.49 0.5
331 0.26 0.65 0.52 0.61 0.35 0.81 0.46 0.7
332 0.23 0.99 0.29 0.87 0.19 0.78 0.86 0.94
333 0.22 0.45 0.38 0.79 0.11 0.34 0.45 0.56
334 0.08 0.71 0.99 0.27 0.22 0.27 0.24 0.21
335 0.45 0.35 0.47 0.37 1.0 0.88 0.5 0.31
336 0.17 0.46 0.04 0.11 0.91 0.36 0.34 0.5
337 0.29 0.44 0.89 0.11 0.51 0.87 0.69 0.12
338 0.6 0.17 0.43 0.39 0.67 0.26 0.28 0.2
339 0.17 0.43 0.57 0.28 0.86 0.21 0.88 0.88
340 0.96 0.89 0.8 0.69 0.47 0.83 0.54 0.44
341 0.63 0.39 0.51 0.87 0.66 0.12 0.26 0.25
342 0.07 0.95 0.02 0.44 0.36 0.95 0.65 0.74
343 0.9 0.19 0.65 0.97 0.31 0.57 0.59 0.3
344 0.85 0.07 0.39 0.29 0.91 0.24 0.09 0.63
345 0.68 0.99 0.89 0.29 0.42 0.26 0.09 0.29
346 0.87 0.63 0.8 0.27 0.57 0.4 0.5 0.36
347 0.23 0.0 0.19 0.36 0.17 0.26 0.33 0.88
348 0.16 0.53 0.81 0.8 0.45 0.71 0.48 0.7
349 0.01 0.97 0.6 0.31 0.23 0.31 0.13 0.95
350 0.73 0.1 0.58 0.16 0.99 0.36 0.74 0.36
351 0.36 0.53 0.75 0.73 0.89 0.03 0.19 0.28
352 0.69 0.8 0.76 0.33 0.2 0.24 0.8 0.02
353 0.26 0.58 0.58 0.12 0.88 0.96 0.9 0.89
354 0.57 0.45 0.42 0.72 0.43 0.51 0.32 0.77
355 0.96 0.69 0.54 0.07 0.04 0.53 0.34 0.46
356 0.8 0.71 0.21 0.03 0.47 0.94 0.49 0.34
357 0.25 0.4 0.6 0.04 0.32 0.28 0.79 0.84
358 0.07 0.0 0.41 0.51 0.2 0.95 0.23 0.7
359 0.57 0.46 0.61 0.34 0.99 0.0 0.91 0.98
360 0.53 0.43 0.02 0.72 0.43 0.22 0.4 0.26
361 0.52 0.14 0.84 0.51 0.17 0.53 0.69 0.45
362 0.64 0.8 0.42 0.94 0.08 0.29 0.25 0.29
363 0.93 0.03 0.75 0.12 0.81 0.87 0.2 0.25
364 0.28 0.93 0.93 0.53 0.59 0.38 0.51 0.04
365 0.65 0.57 0.53 0.06 0.4 0.91 0.2 0.63
366 0.35 0.53 0.43 0.02 0.95 0.0 0.8 0.61
367 0.34 0.92 0.65 0.27 0.63 0.6 0.34 0.88
368 0.68 0.82 0.73 0.79 0.04 0.94 0.94 0.13
369 0.25 0.7 0.92 0.84 0.24 0.09 0.5 0.8
370 0.06 0.66 0.3 0.08 0.22 0.74 0.94 0.9
371 0.31 0.89 0.58 0.17 0.04 0.3 0.35 0.76
372 0.75 0.57 0.15 0.01 0.16 0.46 0.76 0.81
373 0.3 0.16 0.92 0.53 0.47 0.42 0.92 0.36
374 0.06 0.03 0.47 0.57 0.04 0.16 0.77 0.07
375 0.71 0.52 0.73 0.59 0.27 0.29 0.68 0.91
376 0.22 0.5 0.51 0.66 0.39 0.5 0.31 0.28
377 0.49 0.45 0.79 0.66 0.13 0.37 0.49 0.95
378 0.59 0.03 0.39 0.47 0.33 0.68 0.72 0.36
379 0.27 0.93 0.37 0.05 0.97 0.01 0.36 0.22
380 0.19 0.53 0.8 0.98 0.96 0.09 0.15 0.21
381 0.65 0.76 0.46 0.16 0.56 0.37 0.85 0.98
382 0.17 0.41 0.74 0.25 0.03 0.51 0.13 0.08
383 0.41 0.31 0.31 0.28 0.54 0.35 0.48 0.58
384 0.14 0.37 0.09 0.98 0.46 0.29 0.53 0.21
385 0.92 0.98 0.93 0.35 0.77 0.87 0.55 0.57
386 0.55 0.16 0.07 0.69 0.62 0.37 0.12 0.4
387 0.67 0.66 0.86 0.49 0.62 0.58 0.65 0.14
388 0.69 0.35 0.31 0.56 0.68 0.25 0.03 0.74
389 0.81 0.56 0.22 0.37 0.4 0.47 0.09 0.34
390 0.98 0.4 0.94 0.87 0.48 0.64 0.71 0.66
391 0.12 0.07 0.51 0.91 0.25 0.62 0.61 0.66
392 0.24 0.41 0.65 0.15 0.16 0.28 0.95 0.94
393 0.35 0.48 0.9 0.76 0.6 0.29 0.96 0.68
394 0.15 0.04 0.61 0.31 0.47 0.22 0.69 0.14
395 0.3 0.83 0.3 0.06 0.08 0.85 0.57 0.7
396 0.74 0.42 0.7 0.33 0.48 0.59 0.32 0.16
397 0.16 0.23 0.01 0.77 0.99 0.91 0.38 0.82
398 0.69 0.45 0.39 0.64 0.47 0.58 0.38 0.35
399 0.12 0.02 0.11 0.52 0.13 0.44 0.15 0.81
400 0.74 0.98 0.18 0.14 0.37 0.57 0.11 0.18
401 0.05 0.7 0.72 0.34 0.41 0.86 0.28 0.14
402 0.61 0.32 0.85 0.3 0.26 0.84 0.48 0.23
403 0.54 0.51 0.84 0.76 0.96 0.32 0.4 0.5
404 0.46 0.9 0.86 0.94 0.77 0.64 0.79 0.05
405 0.38 0.79 0.63 0.87 0.16 0.22 0.67 0.56
406 0.67 0.75 0.09 0.62 0.37 0.39 0.58 0.45
407 0.2 0.63 0.18 0.2 0.98 0.08 0.87 0.81
408 0.36 0.08 0.21 0.77 0.04 0.15 0.19 0.23
409 0.36 0.84 0.41 0.27 0.87 0.21 0.08 0.37
410 0.02 0.47 0.34 0.25 0.16 0.42 0.08 0.83
411 0.76 0.32 0.65 0.29 0.04 0.62 0.6 0.37
412 0.12 0.85 0.24 0.08 0.63 0.34 0.73 0.97
413 0.35 0.65 0.41 0.99 0.78 0.77 0.39 0.58
414 0.04 0.64 0.13 0.89 0.08 0.49 0.91 0.04
415 0.36 0.01 0.04 0.34 0.48 0.0 0.43 0.37
416 0.4 0.55 0.98 0.02 0.36 0.54 0.07 0.27
417 0.68 0.55 0.05 0.04 0.57 0.94 0.85 0.37
418 0.87 0.22 0.16 0.03 0.61 1.0 0.09 0.86
419 0.95 0.51 0.5 0.68 0.71 0.04 0.55 0.2
420 0.42 0.33 0.74 0.69 0.13 0.91 0.39 0.38
421 0.9 0.85 0.69 0.77 0.94 0.96 0.48 0.61
422 0.95 0.98 0.42 0.91 0.97 0.22 0.93 0.26
423 0.14 1.0 0.87 0.49 0.5 0.6 0.61 0.14
424 0.34 0.25 0.24 0.94 0.35 0.24 0.22 0.95
425 0.46 0.56 0.03 0.53 0.02 0.15 0.01 0.7
426 0.08 0.59 0.2 0.84 0.27 0.98 0.98 0.75
427 0.03 0.52 0.84 0.46 0.65 0.84 0.42 0.15
428 0.84 0.99 0.08 0.89 0.11 0.91 0.7 0.17
429 0.66 0.77 0.05 0.9 0.68 0.15 0.55 0.12
430 0.09 0.74 0.59 0.9 0.19 0.25 0.07 0.52
431 0.47 0.51 0.31 0.28 0.28 0.36 0.87 0.25
432 0.47 0.02 0.68 0.95 0.66 0.13 0.66 0.98
433 0.43 0.44 0.2 0.05 0.53 0.91 0.63 0.62
434 0.06 0.05 0.5 0.4 0.47 0.39 0.01 0.76
435 0.16 0.58 0.37 0.28 0.69 0.56 0.05 0.95
436 0.52 0.51 0.38 0.95 0.42 0.51 0.18 0.96
437 0.12 0.71 0.27 0.76 0.14 0.88 0.27 0.3
438 0.36 0.66 0.13 0.79 0.62 0.46 0.91 0.9
439 0.16 0.86 0.52 0.64 0.0 0.43 0.83 0.04
440 0.89 0.88 0.46 0.68 0.67 0.01 0.72 0.76
441 0.62 0.11 0.15 0.52 0.16 0.34 0.44 0.72
442 0.4 0.79 0.43 0.98 0.79 0.07 0.17 0.19
443 0.55 1.0 0.51 0.65 0.83 0.36 0.55 0.24
444 0.99 0.45 0.85 0.85 0.4 1.0 0.6 0.89
445 0.18 0.58 0.16 0.84 0.4 0.51 0.34 0.51
446 0.5 0.97 0.82 0.02 0.47 0.65 0.15 0.83
447 0.63 0.97 0.19 0.3 0.63 0.98 0.49 0.4
448 0.19 0.17 0.36 1.0 0.96 1.0 0.84 0.43
449 0.99 0.9 0.57 0.23 0.84 0.17 0.67 0.3
450 0.31 0.08 0.4 0.94 0.6 0.62 0.21 0.19
451 0.37 0.13 0.75 0.07 0.58 0.07 0.37 0.83
452 0.48 0.98 0.64 0.71 0.32 0.06 0.32 0.53
453 0.87 0.6 0.76 0.74 0.68 0.9 0.62 0.22
454 0.3 0.07 0.66 0.17 0.52 0.14 0.22 0.56
455 0.98 0.09 0.87 0.25 0.39 0.13 0.63 0.89
456 0.47 0.71 0.82 0.83 0.12 0.32 0.91 0.35
457 0.96 0.22 0.4 0.91 0.07 0.47 0.72 0.28
458 0.57 0.32 0.4 0.2 0.49 0.64 0.6 0.5
459 0.88 0.26 0.39 0.63 0.97 0.15 0.7 0.67
460 0.29 0.7 0.0 0.51 0.76 0.25 0.19 0.38
461 0.58 0.3 0.35 0.39 0.83 0.68 0.63 0.85
462 0.38 0.62 0.05 0.69 0.54 0.76 0.94 0.19
463 0.75 0.14 0.29 0.55 0.35 0.3 0.97 0.65
464 0.02 0.74 0.32 0.85 0.86 0.36 0.81 0.82
465 0.75 0.64 0.67 0.93 0.52 0.41 0.99 0.78
466 0.4 0.43 0.65 0.13 0.57 0.63 0.82 0.7
467 0.65 0.39 0.88 0.7 0.12 0.87 0.83 0.45
468 0.83 0.37 0.36 0.28 0.72 0.53 0.36 0.02
469 0.98 0.25 0.1 0.55 0.49 0.47 0.33 0.18
470 0.43 0.71 0.65 0.39 0.82 0.56 0.38 0.34
471 0.44 0.46 0.16 0.25 0.82 0.22 0.29 0.15
472 0.85 0.77 0.67 0.43 0.82 0.24 0.56 0.09
473 0.76 0.46 0.15 0.88 0.98 0.53 0.99 0.74
474 0.94 0.12 0.57 0.53 0.06 0.09 0.41 0.77
475 0.52 0.45 0.68 0.8 0.94 0.59 0.07 0.71
476 0.1 0.04 0.21 0.55 0.44 0.92 0.35 0.43
477 0.54 0.02 0.27 0.48 0.72 0.85 0.39 0.15
478 0.7 0.04 0.01 0.25 0.27 0.5 0.83 0.17
479 0.77 0.64 0.73 0.16 0.6 0.42 0.19 0.4
480 0.72 0.88 0.85 0.9 0.88 0.91 0.57 0.1
481 0.09 0.89 0.84 0.89 0.49 0.92 0.3 0.16
482 0.74 0.83 0.05 0.56 0.5 0.13 0.24 0.08
483 0.6 0.28 0.27 0.48 0.6 0.53 0.15 0.89
484 0.3 0.75 0.96 0.92 0.04 0.76 0.06 0.26
485 0.54 0.86 0.21 0.23 0.03 0.48 0.04 0.71
486 0.19 0.64 0.13 0.29 0.51 0.47 0.36 0.26
487 0.37 0.73 0.69 0.82 0.65 0.09 0.92 0.19
488 0.77 0.46 0.33 0.15 0.48 0.61 0.23 0.77
489 0.3 0.91 0.16 0.78 0.76 0.55 0.33 0.67
490 0.47 0.75 0.71 0.36 0.32 0.99 0.14 0.55
491 0.46 0.4 0.6 0.09 0.51 0.54 0.06 0.66
492 0.03 0.83 0.7 0.93 0.29 0.09 0.99 0.98
493 0.02 0.29 0.22 0.56 0.56 0.04 0.02 0.75
494 0.96 0.4 0.21 0.92 0.87 0.13 0.07 0.3
495 0.71 0.22 0.63 0.24 0.48 0.55 0.07 0.74
496 0.82 0.43 0.63 0.22 0.44 0.42 0.0 0.74
497 0.8 0.38 0.72 0.2 0.85 0.49 0.49 0.85
498 0.14 0.79 0.93 0.77 0.77 0.71 0.68 0.86
499 0.51 0.43 0.21 0.44 0.51 0.13 0.64 0.21
500 0.3 0.48 0.7 0.67 0.98 0.63 0.18 0.0
501 0.96 0.33 0.92 0.11 0.55 0.06 0.99 0.14
502 0.48 0.75 0.58 0.05 0.01 0.94 0.1 0.86
503 0.45 0.76 0.96 0.4 0.26 0.42 0.62 0.51
504 0.77 0.65 0.7 0.28 0.77 0.84 0.57 0.23
505 0.73 0.96 0.66 0.78 0.0 0.03 0.36 0.86
506 0.46 0.99 0.09 0.29 0.75 0.58 0.28 0.01
507 0.72 0.05 0.24 0.74 0.9 0.37 0.47 0.02
508 0.04 0.4 0.15 0.95 0.71 0.25 0.22 0.98
509 0.11 0.88 0.84 0.88 0.61 0.74 0.91 0.84
510 0.65 0.48 0.67 0.23 0.55 0.23 0.17 0.42
511 0.29 0.6 0.53 0.84 0.24 0.16 0.88 0.18
512 0.85 0.77 0.86 0.54 0.84 0.51 0.47 0.26
513 0.73 0.66 0.11 0.82 0.64 0.21 0.95 0.88
514 0.37 0.96 0.77 0.74 0.92 0.16 0.36 0.31
515 0.62 0.56 0.17 0.89 0.77 0.69 0.42 0.42
516 0.34 0.22 0.51 0.58 0.03 0.1 0.75 0.33
517 0.12 0.79 0.04 0.21 0.29 0.78 0.55 0.41
518 0.76 0.12 0.34 0.04 0.44 0.69 0.74 0.97
519 0.05 0.74 0.7 0.3 0.17 0.55 0.94 0.12
520 0.99 0.02 0.29 0.76 0.98 0.64 0.75 0.14
521 0.09 0.55 0.44 0.53 0.79 0.69 0.33 0.16
522 0.39 0.08 0.51 0.86 0.62 0.64 0.01 0.74
523 0.72 0.2 0.2 0.93 0.03 0.51 0.78 0.33
524 0.43 0.96 0.95 0.85 0.39 0.62 0.6 0.11
525 0.19 0.75 0.75 0.58 0.11 0.09 0.96 0.82
526 0.66 0.69 0.07 0.39 0.81 0.66 0.08 0.85
527 0.83 0.63 0.34 0.74 0.71 0.56 0.43 0.04
528 0.66 0.7 0.42 0.27 0.31 0.83 0.29 0.88
529 0.96 0.08 0.2 0.28 0.76 0.06 0.08 0.24
530 0.91 0.78 0.84 0.56 0.76 0.1 0.32 0.86
531 0.48 0.05 0.84 0.58 0.45 0.09 0.6 0.72
532 0.36 0.32 0.75 0.09 0.79 0.3 0.02 0.81
533 0.67 0.52 0.75 0.75 0.82 0.82 0.51 0.43
534 0.2 0.39 0.91 0.64 0.14 0.9 0.14 0.03
535 0.86 0.47 0.57 0.46 0.39 0.56 0.29 0.35
536 0.46 0.71 0.94 0.21 0.66 0.81 0.68 0.11
537 0.73 0.84 0.22 0.84 0.67 0.93 0.27 0.7
538 0.27 0.84 0.06 0.94 0.67 0.73 0.11 0.28
539 0.89 0.61 0.77 0.93 0.05 0.45 0.3 0.62
540 0.98 0.51 0.3 0.8 0.91 0.14 0.7 0.13
541 0.11 0.56 0.45 0.97 0.82 0.04 0.57 0.72
542 0.95 0.57 0.54 0.24 0.41 0.69 0.0 0.27
543 0.27 0.45 0.21 0.71 0.35 0.92 0.31 0.17
544 0.1 0.23 0.41 0.63 0.34 0.85 0.67 0.68
545 0.09 0.02 0.5 0.44 0.8 0.78 0.77 0.41
546 0.27 0.76 0.13 0.12 0.37 0.48 0.9 0.07
547 0.04 0.96 0.15 0.79 0.9 0.31 0.73 0.09
548 0.78 0.56 0.53 0.38 0.47 0.03 0.31 0.4
549 0.56 0.05 0.1 0.37 0.32 0.45 0.87 0.0
550 0.27 0.4 0.96 0.71 0.21 0.42 0.55 0.39
551 0.8 0.35 0.95 0.53 0.25 0.79 0.94 0.48
552 0.84 0.08 0.41 0.92 0.73 0.13 0.9 0.89
553 0.62 0.99 0.07 0.66 0.66 0.06 0.38 0.56
554 0.15 0.61 0.94 0.39 0.08 0.24 0.47 0.05
555 0.51 0.22 0.3 0.01 0.02 0.14 0.92 0.21
556 0.98 0.85 0.69 0.3 0.08 0.45 0.94 0.8
557 0.6 0.83 0.3 0.69 0.98 0.37 0.6 0.32
558 0.58 0.97 0.15 0.83 0.34 0.1 0.27 0.6
559 0.96 0.89 0.7 0.18 0.27 0.63 0.32 0.12
560 0.18 0.46 0.17 0.91 0.78 0.65 0.8 0.94
561 0.62 0.13 0.72 0.22 0.9 0.21 0.15 0.52
562 0.3 0.13 0.58 0.62 0.31 0.04 0.93 0.19
563 0.05 0.26 0.45 0.62 0.89 0.72 0.0 0.61
564 0.21 0.85 0.96 0.48 0.15 0.09 0.42 0.29
565 0.21 0.79 0.97 0.12 0.42 0.85 0.31 0.3
566 0.41 0.73 0.27 0.39 0.74 0.05 0.15 0.55
567 0.97 0.11 0.36 0.43 0.85 0.12 0.92 0.78
568 0.2 0.28 0.04 0.26 0.3 0.2 0.19 0.65
569 0.14 0.79 0.35 0.99 0.03 0.1 0.99 0.19
570 0.76 0.22 0.22 0.89 0.51 0.39 0.07 0.33
571 0.77 0.37 0.23 0.69 0.18 0.31 0.01 0.96
572 0.4 0.45 0.29 0.83 0.82 0.4 0.86 0.21
573 0.26 0.5 0.31 0.78 0.91 0.2 0.31 0.3
574 0.67 0.97 0.81 0.65 0.08 0.52 0.39 0.45
575 0.65 0.24 0.37 0.14 0.77 0.22 0.08 0.56
576 0.25 0.65 0.28 0.82 0.68 0.65 0.61 0.59
577 0.95 0.96 0.58 0.84 0.68 0.78 0.72 0.88
578 0.85 0.39 0.49 0.79 0.08 0.83 0.73 0.92
579 0.51 0.46 0.86 0.91 0.41 0.18 0.86 0.68
580 0.88 0.52 0.4 0.93 0.67 0.22 0.39 0.57
581 0.58 0.31 0.1 0.05 0.15 0.15 0.62 0.74
582 0.57 0.91 0.71 0.48 0.63 0.77 0.22 0.23
583 0.8 0.49 0.59 0.31 0.42 0.87 0.78 0.62
584 0.2 0.15 0.1 0.46 0.32 0.59 0.06 0.74
585 0.35 0.21 0.86 0.8 1.0 0.3 0.59 0.77
586 0.68 0.07 0.64 0.1 0.61 0.27 0.48 0.19
587 0.87 0.27 0.27 0.91 0.46 0.24 0.8 0.96
588 0.2 0.31 0.18 0.17 0.37 0.11 0.84 0.07
589 0.24 0.21 0.04 0.81 0.82 0.38 0.96 0.81
590 0.66 0.66 0.29 0.2 0.43 0.58 0.52 0.51
591 0.87 0.63 0.64 0.65 0.77 0.64 0.53 0.95
592 0.33 0.34 0.52 0.88 0.05 0.32 0.92 0.25
593 0.81 0.12 0.9 0.23 0.45 0.52 0.73 0.61
594 0.09 0.71 0.56 0.67 0.91 0.83 0.56 0.39
595 0.85 0.2 0.66 0.31 0.7 0.52 0.22 0.03
596 0.93 0.01 0.27 0.67 0.96 0.43 0.86 0.89
597 0.88 0.74 0.92 0.45 0.38 0.73 0.31 0.8
598 0.22 0.21 0.72 0.94 0.42 0.22 0.19 0.54
599 0.8 0.68 0.78 0.26 0.98 0.77 0.96 0.81
600 0.03 0.03 0.26 0.48 0.26 0.77 0.69 0.85
601 0.8 0.1 0.73 0.43 0.47 0.12 0.03 0.09
602 0.55 0.64 0.4 0.19 0.93 0.07 0.3 0.58
603 0.42 0.27 0.58 0.33 0.02 0.14 0.41 0.87
604 0.34 0.57 0.46 0.98 0.57 0.47 0.24 0.55
605 0.3 0.66 0.24 0.6 0.91 0.9 0.91 0.55
606 0.88 0.39 0.56 0.88 0.41 0.24 0.93 0.94
607 0.29 0.79 0.38 0.61 0.78 0.25 0.86 0.68
608 0.16 0.88 0.83 0.29 0.51 0.96 0.69 0.23
609 0.23 0.56 0.29 0.34 0.42 0.97 0.97 0.08
610 0.95 0.62 0.09 0.32 0.47 0.63 0.77 0.42
611 0.11 0.87 0.66 0.63 0.38 0.29 0.38 0.29
612 0.89 0.44 0.05 0.66 0.68 0.29 0.01 0.31
613 0.41 0.75 0.17 0.17 0.38 0.04 0.09 0.54
614 0.05 0.05 0.86 0.27 0.22 0.98 0.75 0.44
615 0.13 0.81 0.09 0.76 0.98 0.27 0.69 0.3
616 0.49 0.42 0.24 0.31 0.99 0.78 0.49 0.41
617 0.46 0.56 0.88 0.18 0.56 0.46 0.71 0.41
618 0.77 0.73 0.71 0.5 0.4 0.77 0.5 0.57
619 0.8 0.72 0.54 0.85 0.9 0.29 0.47 0.42
620 0.22 0.14 0.98 0.51 0.05 0.7 0.3 0.55
621 0.81 0.97 0.99 0.74 0.4 0.72 0.44 0.6
622 0.8 0.34 0.36 0.57 0.75 0.41 0.39 0.63
623 0.43 0.36 0.87 0.25 0.6 0.69 0.3 0.03
624 0.07 0.37 0.91 0.82 0.44 0.97 1.0 0.85
625 0.56 0.3 0.07 0.23 0.4 0.35 0.55 0.87
626 0.93 0.52 0.82 0.87 0.95 0.11 0.9 0.74
627 0.97 0.28 0.51 0.64 0.93 0.77 0.07 0.18
628 0.7 0.57 0.91 0.37 0.36 0.55 0.25 0.79
629 0.2 0.48 0.32 0.5 0.69 0.73 0.63 0.03
630 0.43 0.68 0.45 0.02 0.94 0.69 0.19 0.5
631 0.26 0.87 0.57 0.01 0.11 0.48 0.45 0.93
632 0.48 0.19 0.37 0.02 0.21 0.4 0.88 0.55
633 0.73 0.07 0.55 0.45 0.76 0.32 0.11 0.46
634 0.11 0.59 0.92 0.63 0.13 0.13 0.87 0.1
635 0.4 0.44 0.94 0.05 0.05 0.95 0.86 0.57
636 0.2 0.34 0.02 0.4 0.73 0.67 0.1 0.07
637 0.23 0.32 0.79 0.99 0.58 0.28 0.3 0.64
638 0.74 0.1 0.8 0.81 0.3 0.43 0.58 0.87
639 0.89 0.47 0.33 0.73 0.18 0.12 0.28 0.85
640 0.57 0.45 0.51 0.06 0.37 0.39 0.45 0.02
641 0.68 0.14 0.16 0.15 0.06 0.92 0.03 0.48
642 0.11 0.62 0.37 0.88 0.03 0.92 0.89 0.76
643 0.51 0.09 0.09 0.19 0.84 0.19 0.06 0.67
644 0.33 0.7 0.02 0.19 0.76 0.95 0.04 0.47
645 0.58 0.42 0.38 0.21 0.88 0.46 0.23 0.68
646 0.98 0.46 0.22 0.88 0.19 0.29 0.57 0.02
647 0.66 0.72 0.8 0.35 0.15 0.05 0.22 0.39
648 0.29 0.38 0.93 0.23 0.31 0.83 0.13 0.29
649 0.99 0.6 0.67 0.65 0.65 0.76 0.93 0.17
650 0.13 0.8 0.62 0.76 0.38 0.06 0.39 0.57
651 0.6 0.02 0.49 0.59 0.73 0.02 0.56 0.65
652 0.04 0.17 0.24 0.61 0.95 0.9 0.34 0.74
653 0.79 0.02 0.85 0.06 0.36 0.23 0.18 0.54
654 0.91 0.82 0.02 0.59 0.68 0.8 0.79 0.12
655 0.03 0.69 0.11 0.75 0.04 0.0 0.67 0.97
656 0.48 0.76 0.07 0.73 0.25 0.78 0.08 0.11
657 0.95 0.7 0.04 0.92 0.87 0.88 0.43 0.59
658 0.63 0.6 0.11 0.49 0.59 0.86 0.82 0.23
659 0.31 0.69 0.33 0.9 0.36 0.07 0.77 0.63
660 0.49 0.42 0.48 0.81 0.28 0.35 0.56 0.57
661 0.43 0.55 0.28 0.77 0.37 0.71 0.92 0.83
662 0.95 0.51 0.15 0.87 0.54 0.61 0.82 0.61
663 0.75 0.38 0.21 0.74 0.07 0.13 0.3 0.65
664 0.16 0.13 0.14 0.07 0.84 0.21 0.19 0.18
665 0.47 0.88 0.99 0.24 0.14 0.64 0.52 0.8
666 0.32 0.25 0.82 0.5 0.3 0.45 0.58 0.25
667 0.87 0.78 0.19 0.59 0.61 0.66 0.66 0.4
668 0.19 0.71 0.37 0.77 0.47 0.68 0.1 0.21
669 0.99 0.27 0.99 0.73 0.15 0.26 0.39 0.1
670 0.66 0.55 0.93 0.75 0.69 0.08 0.33 0.05
671 0.06 0.42 0.47 0.72 0.5 0.78 0.45 0.21
672 0.23 0.36 0.66 0.7 0.8 0.27 0.83 0.86
673 0.66 0.72 0.03 0.29 0.91 0.34 0.04 0.38
674 0.84 0.69 0.43 0.06 0.25 0.29 0.97 0.58
675 0.72 0.23 0.49 0.31 0.76 0.31 0.41 0.31
676 0.6 0.29 0.87 0.7 0.23 0.12 0.78 0.98
677 0.2 0.23 0.23 0.78 0.22 0.26 0.26 0.57
678 0.06 0.37 0.24 0.26 0.47 0.22 0.51 0.59
679 0.84 0.54 0.1 0.74 0.43 0.31 0.35 0.87
680 0.43 0.52 0.79 0.64 0.52 0.64 0.6 0.8
681 0.78 0.16 0.29 0.55 0.02 0.21 0.59 0.62
682 0.33 0.19 0.82 0.93 0.35 0.7 0.56 0.66
683 0.31 0.09 0.54 0.09 0.28 0.85 0.12 0.29
684 0.83 0.49 0.91 0.81 0.84 0.95 0.09 0.67
685 0.45 0.59 0.7 0.84 0.23 0.45 0.27 0.97
686 0.69 0.67 0.12 0.66 0.28 0.92 0.64 0.17
687 0.57 0.6 0.43 0.81 0.68 0.03 0.29 0.95
688 0.6 0.46 0.22 0.96 0.19 0.33 0.17 0.46
689 0.52 0.99 0.28 0.51 0.48 0.61 0.24 0.6
690 0.08 0.63 0.05 0.01 0.98 0.02 0.75 0.01
691 0.88 0.46 0.22 0.54 0.15 0.43 0.63 0.84
692 0.47 0.68 0.13 0.55 0.56 0.63 0.17 0.41
693 0.84 0.93 0.81 0.98 0.24 0.44 0.51 0.39
694 0.52 0.9 0.58 0.65 0.42 0.11 0.47 0.27
695 0.32 0.67 0.61 0.11 0.2 0.67 0.53 0.74
696 0.43 0.15 0.06 0.86 0.65 0.42 0.28 0.25
697 0.45 0.29 0.68 0.8 0.73 0.19 0.64 0.35
698 0.28 0.22 0.89 0.55 0.22 0.06 0.62 0.56
699 0.02 0.97 0.97 0.76 0.24 0.08 0.17 0.64
700 0.16 0.77 0.39 0.23 0.35 0.85 0.16 0.36
701 0.23 0.95 0.41 0.05 0.84 0.02 0.56 0.76
702 0.48 0.15 0.02 0.97 0.65 0.42 0.46 0.66
703 0.98 0.76 0.54 0.29 0.63 0.68 0.34 0.76
704 0.64 0.64 0.13 0.27 0.19 0.32 0.38 0.37
705 0.4 0.46 0.72 0.22 0.77 0.1 0.54 0.36
706 0.07 0.34 0.6 0.67 0.63 0.67 0.31 0.75
707 0.62 0.46 0.27 0.17 0.63 0.79 0.6 0.47
708 0.41 0.11 0.97 0.69 0.0 0.44 0.93 0.2
709 0.38 0.74 0.13 0.12 0.15 0.23 0.38 0.64
710 0.2 0.1 0.1 0.24 0.3 0.48 0.14 0.96
711 0.57 0.85 0.95 0.36 0.33 0.94 0.58 0.92
712 0.82 0.84 0.98 0.73 0.31 0.45 0.55 0.26
713 0.67 0.83 0.81 0.55 0.13 0.28 0.73 0.36
714 0.23 0.37 0.12 0.75 0.56 0.25 0.07 0.34
715 0.84 0.68 0.62 0.44 0.93 0.64 0.31 0.59
716 0.11 0.62 0.6 0.02 0.99 0.79 0.37 0.92
717 0.48 0.69 0.55 0.37 0.6 0.63 0.23 0.28
718 0.74 0.42 0.45 0.11 0.53 0.0 0.68 0.6
719 0.88 0.48 0.63 0.73 0.69 0.08 0.92 0.19
720 0.46 0.49 0.07 0.23 0.24 0.55 0.48 0.44
721 0.43 0.74 0.47 0.29 0.78 0.33 0.13 0.45
722 0.76 0.66 0.62 0.25 0.17 0.31 0.82 0.76
723 0.66 0.16 0.25 0.57 0.2 0.37 0.24 0.05
724 0.24 0.36 0.33 0.63 0.53 0.77 0.9 0.19
725 0.69 0.51 0.57 0.68 0.13 0.46 0.35 0.89
726 0.23 0.47 0.73 0.16 0.72 0.71 0.28 0.29
727 0.06 0.07 0.81 0.56 0.53 0.07 0.37 0.72
728 0.94 0.02 0.81 0.8 0.69 0.71 0.91 0.43
729 0.67 0.52 0.13 0.02 0.44 0.4 0.23 0.83
730 0.97 0.5 0.31 0.48 0.01 0.58 0.96 0.05
731 0.53 0.48 0.96 0.52 0.69 0.04 0.2 0.16
732 0.47 0.13 0.86 0.38 0.2 0.57 0.25 0.58
733 0.19 0.72 0.92 0.65 0.42 0.44 0.25 0.42
734 0.94 0.79 0.12 0.61 0.85 0.6 0.87 0.52
735 0.79 0.86 0.97 0.16 0.67 0.41 0.77 0.06
736 0.63 0.18 0.11 0.08 0.56 0.27 0.1 0.36
737 0.81 0.84 0.46 0.11 0.47 0.88 0.21 0.08
738 0.02 0.61 0.95 0.21 0.1 0.37 0.69 0.06
739 0.66 0.13 0.37 0.92 0.14 0.15 0.07 0.82
740 0.11 0.27 0.66 0.4 0.37 0.79 0.91 0.07
741 0.57 0.49 0.29 0.51 0.83 0.39 0.34 0.56
742 0.57 0.56 0.09 0.4 0.42 0.21 0.12 0.06
743 0.65 0.61 0.21 0.9 0.34 0.91 0.48 0.34
744 0.94 0.84 0.24 0.34 0.99 0.99 0.6 0.37
745 0.03 0.69 0.02 0.24 0.18 0.61 0.3 0.89
746 0.89 0.14 0.9 0.74 0.08 0.32 0.51 0.62
747 0.3 0.47 0.81 0.25 0.37 0.48 0.85 0.85
748 0.33 0.6 0.37 0.24 0.29 0.8 0.99 0.64
749 0.26 0.68 0.49 0.55 0.86 0.44 0.32 0.61
750 0.04 0.59 0.37 0.22 0.46 0.78 0.55 0.56
751 0.68 0.18 0.88 0.53 0.83 0.54 0.87 0.2
752 0.68 0.55 0.41 0.3 0.37 0.04 0.12 0.98
753 0.84 0.41 0.48 0.52 0.93 0.3 0.7 0.65
754 0.59 0.22 0.99 0.51 0.51 0.83 0.43 0.83
755 0.46 0.56 0.69 0.24 0.27 0.38 0.37 0.65
756 0.13 0.59 0.99 0.24 0.51 0.01 0.42 0.24
757 0.98 0.38 0.51 0.49 0.21 0.48 0.59 0.9
758 0.85 0.65 0.68 0.09 0.09 0.94 0.21 0.46
759 0.94 0.85 0.35 0.0 0.42 0.95 0.8 0.76
760 0.56 0.61 0.32 0.35 0.75 0.52 0.89 0.29
761 0.27 0.0 0.84 0.16 0.72 0.64 0.16 0.6
762 0.23 0.09 0.27 0.92 0.4 0.7 0.11 0.17
763 0.02 0.49 0.76 0.52 0.13 0.92 0.52 0.11
764 0.44 0.72 0.88 0.3 0.72 0.54 0.4 0.93
765 0.47 0.8 0.35 0.72 0.94 0.37 0.8 0.8
766 0.88 0.84 0.22 0.24 0.83 0.1 0.64 0.78
767 0.71 0.71 0.42 0.67 0.52 0.13 0.52 0.22
768 0.68 0.65 0.34 0.84 0.13 0.19 0.41 0.97
769 0.84 0.7 0.34 0.68 0.36 0.21 0.08 0.26
770 0.24 0.42 0.28 0.73 0.63 0.14 0.9 0.84
771 0.63 0.34 0.62 0.9 0.26 0.28 0.75 0.3
772 0.45 0.65 0.59 0.66 0.49 0.1 0.1 0.63
773 0.13 0.14 0.69 0.55 0.63 0.13 0.79 0.76
774 0.0 0.85 0.58 0.78 0.6 0.79 0.66 0.42
775 0.32 0.36 0.56 0.69 0.15 0.13 0.74 0.58
776 0.25 0.63 0.27 0.99 0.95 0.58 0.88 0.12
777 0.46 0.56 0.71 0.15 0.97 0.06 0.4 0.7
778 0.75 0.68 0.16 0.26 0.49 0.04 0.6 0.55
779 0.32 0.46 0.09 0.43 0.84 0.91 0.34 0.93
780 0.21 0.86 0.24 0.97 0.74 0.78 0.74 0.42
781 0.89 0.55 0.32 0.25 0.12 0.54 0.66 0.62
782 0.12 0.22 0.96 0.14 0.04 0.6 0.35 0.85
783 0.81 0.58 0.33 0.29 0.72 0.67 0.33 0.19
784 0.45 0.13 0.7 0.66 0.56 0.0 0.86 0.86
785 0.78 0.87 0.76 0.77 0.42 0.48 0.3 0.33
786 0.39 0.23 0.01 0.41 0.03 0.0 0.7 0.9
787 0.3 0.04 0.48 0.08 0.21 0.13 0.99 0.44
788 0.82 0.01 0.2 0.22 0.42 0.41 0.54 0.17
789 0.91 0.88 0.85 0.87 0.49 0.73 1.0 0.41
790 0.58 0.42 0.14 0.99 0.61 1.0 0.82 0.88
791 0.07 0.07 0.84 0.78 0.32 0.97 0.56 0.88
792 0.41 0.52 0.51 0.67 0.37 0.35 0.52 0.33
793 0.06 0.79 0.83 0.54 0.2 0.79 0.12 0.27
794 0.38 0.74 0.77 0.31 0.04 0.66 0.92 0.76
795 0.59 0.76 0.02 0.22 0.6 0.92 0.08 0.61
796 0.8 0.83 0.0 0.41 0.46 0.64 0.46 0.11
797 0.93 0.7 0.58 0.27 0.88 0.21 0.64 0.72
798 0.02 0.38 0.96 0.05 0.7 0.59 0.31 0.79
799 0.21 0.15 0.67 0.23 0.99 0.42 0.93 0.0
800 0.21 0.32 0.35 0.15 0.88 0.63 0.95 0.77
801 0.8 0.39 0.37 0.96 0.87 0.32 1.0 0.23
802 0.69 0.12 0.35 0.8 0.6 0.02 0.8 0.91
803 0.05 0.78 0.82 0.81 0.93 0.44 0.62 0.59
804 0.38 0.71 0.89 0.88 0.56 0.07 0.79 0.05
805 0.88 0.23 0.76 0.89 0.68 0.11 0.03 0.56
806 0.36 0.13 0.6 0.46 0.5 0.73 0.37 0.7
807 0.52 0.98 0.84 0.63 0.48 0.51 0.3 0.05
808 0.28 0.28 0.57 0.38 0.32 0.06 0.95 0.58
809 0.09 0.55 0.4 0.76 0.6 0.02 0.8 0.91
810 0.05 0.73 0.89 0.45 0.23 0.21 0.22 0.37
811 0.61 0.87 0.64 0.36 0.84 0.88 0.3 0.65
812 0.52 0.96 0.43 0.29 0.23 0.8 0.05 0.89
813 0.69 0.61 0.85 0.34 0.79 0.59 0.75 0.27
814 0.53 0.52 0.24 0.5 0.33 0.37 0.23 0.35
815 0.85 0.41 0.82 1.0 0.24 0.49 0.1 0.4
816 0.62 0.99 0.18 0.16 1.0 0.41 0.49 0.27
817 0.97 0.04 0.63 0.64 0.73 0.97 0.56 0.8
818 0.65 0.66 0.27 0.1 0.98 0.7 0.76 0.21
819 0.36 0.98 0.88 0.19 0.21 0.77 0.98 0.58
820 0.35 0.08 0.04 0.91 0.77 0.73 0.41 0.7
821 0.72 0.48 0.87 0.88 0.95 0.13 0.17 0.83
822 0.7 0.67 0.05 0.29 0.84 0.64 0.12 0.71
823 0.5 0.16 0.04 0.39 0.15 0.99 0.56 0.59
824 0.44 0.92 0.55 0.92 0.15 0.22 0.65 0.45
825 0.19 0.38 0.59 0.78 0.12 0.06 0.12 0.77
826 0.39 0.86 0.07 0.34 0.76 0.38 0.86 0.69
827 0.17 0.48 0.34 0.46 0.09 0.97 0.98 0.05
828 0.69 0.5 0.71 0.21 0.47 0.3 0.37 0.97
829 0.1 0.78 0.07 0.29 0.54 0.44 0.46 0.41
830 0.28 0.95 0.67 0.77 0.31 0.04 0.76 0.35
831 0.61 0.41 0.49 0.36 0.38 0.36 0.59 0.96
832 0.6 0.24 0.11 0.3 0.54 0.41 0.71 0.29
833 0.22 0.54 0.65 0.7 0.23 0.38 0.1 0.18
834 0.5 0.58 0.9 0.48 0.1 0.92 0.74 0.25
835 0.22 0.32 0.36 0.96 0.94 0.64 0.83 0.86
836 0.81 0.71 0.79 0.33 0.3 0.44 0.71 0.89
837 0.7 0.98 0.17 0.64 0.58 0.44 0.16 0.28
838 0.19 0.29 0.58 0.17 0.42 0.98 0.26 0.22
839 0.72 0.89 0.61 0.98 0.41 0.92 0.67 0.1
840 0.72 0.03 0.19 0.42 0.42 0.82 0.28 0.12
841 0.48 0.25 0.79 0.58 1.0 0.56 0.33 0.64
842 0.64 0.52 0.96 0.06 0.71 0.04 0.83 0.28
843 0.61 0.58 0.63 0.16 0.23 0.12 0.75 0.12
844 0.09 0.53 0.71 0.55 0.83 0.5 0.36 0.89
845 0.55 0.1 0.52 0.55 0.14 0.95 0.34 1.0
846 0.62 0.36 0.61 0.22 0.88 0.79 0.37 0.19
847 0.31 0.86 0.18 0.5 0.59 0.19 0.89 0.66
848 0.64 0.66 0.34 0.79 0.86 0.22 0.42 0.56
849 0.22 0.61 0.35 0.74 0.32 0.03 0.89 0.94
850 0.5 0.53 0.06 0.65 0.87 0.6 0.97 0.87
851 0.91 0.31 0.47 0.56 0.49 0.86 0.06 0.14
852 0.55 0.86 0.17 0.51 0.65 0.68 0.23 0.72
853 0.95 0.54 0.11 0.5 0.38 0.8 0.49 0.44
854 0.88 0.23 0.2 0.15 0.94 0.09 0.03 0.24
855 0.82 0.71 0.29 0.59 0.96 0.43 0.3 0.37
856 0.96 0.22 0.0 0.18 0.55 0.21 0.48 0.04
857 0.79 0.2 0.11 0.5 0.49 0.93 0.5 0.66
858 0.8 0.51 0.29 0.83 0.73 0.19 0.69 0.38
859 0.83 0.42 0.09 0.69 0.33 0.71 0.33 0.27
860 0.59 0.53 0.22 0.14 0.68 0.66 0.78 0.58
861 0.89 0.88 0.08 0.86 0.4 0.11 0.05 0.39
862 0.47 0.6 0.31 0.05 0.42 0.69 0.05 0.07
863 1.0 0.29 0.57 0.54 0.5 0.16 0.16 0.07
864 0.18 0.73 0.4 0.01 0.91 0.95 0.6 0.84
865 0.37 0.24 0.03 0.15 0.67 0.65 0.88 0.14
866 0.46 0.69 0.8 0.63 0.49 0.08 0.62 0.14
867 0.67 0.64 0.87 0.25 0.72 0.04 0.68 0.65
868 0.88 0.66 0.92 0.71 0.86 0.62 0.82 0.74
869 0.17 0.13 0.51 0.92 0.85 0.5 0.32 0.35
870 0.98 0.81 0.49 0.77 0.08 0.16 0.39 0.57
871 0.24 0.81 0.28 0.42 0.23 0.68 0.45 0.45
872 0.5 0.3 0.92 0.04 0.15 0.81 0.49 0.63
873 0.88 0.78 0.5 0.71 0.73 0.54 0.98 0.93
874 0.52 0.03 0.77 0.2 0.91 0.64 0.86 0.43
875 0.84 0.53 0.86 0.4 0.45 0.54 0.57 0.21
876 0.27 0.73 0.7 0.03 0.16 0.43 0.03 0.68
877 0.16 0.29 0.86 0.37 0.31 0.34 0.55 0.83
878 0.62 0.29 0.34 0.51 0.08 0.43 0.48 0.13
879 0.67 0.49 0.91 0.8 0.46 0.92 0.06 0.17
880 0.85 0.11 0.96 0.74 0.98 0.2 0.72 0.39
881 0.77 0.01 0.37 0.24 0.26 0.61 0.08 0.6
882 0.33 0.67 1.0 0.43 0.44 0.38 0.72 0.64
883 0.82 0.46 0.71 0.53 0.86 0.12 0.27 0.8
884 0.57 0.36 0.02 0.02 0.3 0.92 0.3 0.6
885 0.2 0.21 0.82 0.98 0.41 0.98 0.52 0.64
886 0.79 0.33 0.12 0.06 0.16 0.02 0.26 0.64
887 0.69 0.22 0.96 0.07 0.57 0.34 0.95 0.68
888 0.39 0.28 0.65 0.86 0.16 0.11 0.76 0.29
889 0.12 0.64 0.68 0.27 0.97 0.03 0.4 0.49
890 1.0 0.92 0.89 0.68 0.88 0.0 0.04 0.04
891 0.45 0.43 0.46 0.73 0.43 0.4 0.42 0.08
892 0.87 0.96 0.06 0.29 0.31 0.48 0.52 0.77
893 0.85 0.89 0.29 0.13 0.3 0.01 0.76 0.94
894 0.32 0.99 0.02 0.29 0.16 0.58 0.13 0.02
895 0.21 0.49 0.04 0.26 0.02 0.0 0.93 0.65
896 0.58 0.39 0.61 0.75 0.18 0.52 0.02 0.35
897 0.89 0.48 0.15 0.8 0.05 0.72 0.58 0.44
898 0.52 0.37 0.26 0.48 0.74 0.0 0.79 0.55
899 0.27 0.14 0.66 0.36 0.02 0.6 0.83 0.96
900 0.65 0.22 0.37 0.53 0.49 0.49 0.14 0.89
901 0.14 0.03 0.7 0.08 0.08 0.02 0.92 0.09
902 0.44 0.19 0.02 0.02 0.03 0.23 0.25 0.37
903 0.7 0.02 0.89 0.33 0.72 0.51 0.73 0.18
904 0.49 0.48 0.59 0.24 0.46 0.12 0.37 0.37
905 0.09 0.4 0.33 0.73 0.34 0.78 0.68 0.38
906 0.55 0.73 0.23 0.28 0.9 0.94 0.33 0.22
907 0.21 0.97 0.33 0.74 0.53 0.26 0.36 0.13
908 0.33 0.23 0.08 0.12 0.5 0.31 0.8 0.5
909 0.6 0.78 0.9 0.01 0.16 0.77 0.76 0.83
910 0.13 0.27 0.05 0.0 0.53 0.98 0.41 0.07
911 0.6 0.18 0.43 0.44 0.81 0.04 0.56 0.19
912 0.16 0.44 0.16 0.72 0.52 0.08 0.73 0.26
913 0.52 0.51 0.83 0.38 0.34 0.84 0.4 0.03
914 0.44 0.38 0.93 0.17 0.78 0.26 0.98 0.35
915 0.55 0.17 0.79 0.2 0.27 0.41 0.12 0.69
916 0.91 0.24 0.56 0.37 0.32 0.46 0.1 0.81
917 0.86 0.89 0.1 0.49 0.97 0.6 0.38 0.1
918 0.98 0.65 0.78 0.08 0.19 0.89 0.61 0.62
919 0.45 0.88 0.17 0.97 0.05 0.49 0.68 0.98
920 0.94 0.87 0.08 0.35 0.16 0.48 0.65 0.24
921 0.26 0.95 0.06 0.2 0.65 0.71 0.17 0.2
922 0.89 0.79 0.11 0.22 0.43 0.17 0.42 0.5
923 0.79 0.05 0.5 0.22 0.99 0.84 0.24 0.7
924 0.36 0.65 0.09 0.68 0.07 0.86 0.43 0.21
925 0.02 0.35 0.68 0.66 0.99 0.9 0.2 0.27
926 0.51 0.93 0.7 0.55 0.79 0.34 0.42 0.6
927 0.99 0.43 0.43 0.15 0.0 0.35 0.52 0.68
928 0.84 0.92 0.92 0.7 0.05 0.36 0.56 0.45
929 0.91 0.1 0.71 0.21 0.24 0.16 0.21 0.52
930 0.82 0.09 1.0 0.51 0.92 0.73 0.22 0.07
931 0.54 0.83 0.12 0.61 0.99 0.99 0.55 0.81
932 0.57 0.32 0.88 0.67 0.21 0.01 0.13 0.39
933 0.24 0.49 0.31 0.86 0.13 0.05 0.75 0.97
934 0.96 0.23 0.62 0.04 0.74 0.65 0.18 0.43
935 0.68 0.76 0.19 0.2 0.01 0.79 0.49 0.36
936 0.5 0.76 0.12 0.72 0.01 0.65 0.45 0.44
937 0.14 0.47 0.67 0.13 0.35 0.78 0.16 0.03
938 0.32 0.13 0.11 0.22 0.49 0.05 0.63 0.87
939 0.56 0.5 0.6 0.64 0.28 0.75 0.65 0.88
940 0.86 0.8 0.54 0.93 0.26 0.35 0.77 0.19
941 0.56 0.79 0.86 0.76 0.34 0.2 0.93 0.45
942 0.85 0.34 0.88 0.15 0.03 0.86 0.66 0.67
943 0.76 0.01 0.49 0.2 0.24 0.19 0.67 0.99
944 0.94 0.0 0.35 0.23 0.29 0.38 0.6 0.91
945 0.98 0.44 0.39 0.87 0.06 0.62 0.48 0.19
946 0.25 0.6 0.68 0.23 0.14 0.76 0.07 0.42
947 0.89 0.91 0.72 0.57 0.15 0.15 0.28 0.38
948 0.8 0.88 0.52 0.02 0.44 0.5 0.95 0.96
949 0.33 0.52 0.55 0.06 0.35 0.07 0.61 0.52
950 0.68 0.3 0.27 0.09 0.69 0.61 0.63 0.78
951 0.13 0.26 0.02 0.19 0.02 0.99 0.47 0.15
952 0.0 0.77 0.59 0.21 0.98 0.35 0.89 0.06
953 0.88 0.13 0.39 0.23 0.57 0.44 0.41 0.58
954 0.75 0.14 0.72 0.96 0.28 0.33 0.05 0.61
955 0.32 0.67 0.99 0.89 0.34 0.51 0.51 0.96
956 0.71 0.97 0.29 0.69 0.83 0.92 0.2 0.19
957 0.39 0.78 0.2 0.2 0.0 0.84 0.45 0.14
958 0.34 0.16 0.17 0.78 0.08 0.85 0.14 0.81
959 0.92 0.24 0.45 0.54 0.24 0.66 0.28 0.18
960 0.16 0.18 0.19 0.6 0.76 0.26 0.66 0.59
961 0.55 0.91 0.09 0.84 0.4 0.76 0.86 0.06
962 1.0 0.4 0.87 0.04 0.9 0.25 0.38 0.51
963 0.31 0.4 0.34 0.78 0.11 0.38 0.44 0.7
964 0.06 0.05 0.93 0.53 0.4 0.32 0.07 0.03
965 0.91 0.44 0.69 0.42 0.73 0.6 0.45 0.02
966 0.23 0.17 0.01 0.47 0.28 0.54 0.38 0.55
967 0.38 0.89 0.5 0.98 0.73 0.24 0.42 0.14
968 0.73 0.9 0.87 0.98 0.12 0.83 0.71 0.37
969 0.01 0.12 0.91 0.34 0.93 0.22 0.59 0.2
970 0.34 0.96 0.7 0.9 0.62 0.27 0.55 0.51
971 0.2 0.62 0.87 0.15 0.14 0.65 0.76 0.03
972 0.02 0.34 0.96 0.55 0.17 0.46 0.01 0.88
973 0.43 0.85 0.73 0.48 0.27 0.06 0.17 0.17
974 0.68 0.1 0.37 0.15 0.46 0.41 0.94 0.85
975 0.57 0.19 0.67 0.81 0.81 0.83 0.67 0.43
976 0.3 0.56 0.44 0.93 0.04 0.75 0.28 0.39
977 0.84 0.3 0.23 0.36 0.4 0.0 0.86 0.06
978 0.39 0.5 0.95 0.91 0.9 0.45 0.83 0.4
979 0.5 0.21 0.89 0.01 0.54 0.79 0.41 0.85
980 0.33 0.52 0.06 0.31 0.09 0.47 0.27 0.11
981 0.92 0.15 0.97 0.98 0.72 0.47 0.92 0.44
982 0.85 0.79 0.17 0.74 0.91 0.64 0.89 0.69
983 0.03 0.1 0.24 0.7 0.3 0.78 0.25 0.47
984 0.6 0.57 0.69 0.07 0.91 0.48 0.08 0.46
985 0.56 0.85 0.04 0.62 0.82 0.35 0.21 0.72
986 0.04 0.77 0.96 0.37 0.38 0.85 0.42 0.58
987 0.66 0.62 0.75 0.37 0.34 0.9 0.95 0.72
988 0.98 0.66 0.24 0.76 0.93 0.38 0.99 0.08
989 0.38 0.01 0.54 0.27 0.53 0.99 0.11 0.84
990 0.3 0.34 0.92 0.85 0.47 0.19 0.16 0.87
991 0.55 0.71 0.33 0.59 0.89 0.97 0.67 0.13
992 0.34 0.4 0.95 0.68 0.94 0.83 0.39 0.09
993 0.16 0.02 0.8 0.07 0.33 0.54 0.57 0.48
994 0.48 0.6 0.53 0.96 0.65 0.43 0.52 0.02
995 0.36 0.48 0.25 0.23 0.56 0.48 0.91 0.19
996 0.97 0.26 0.98 0.15 0.35 0.53 0.16 0.51
997 0.61 0.57 0.22 0.17 0.24 0.38 0.52 0.58
998 0.93 0.77 0.48 0.28 0.95 0.47 0.15 0.87
999 0.14 0.98 0.75 0.09 0.32 0.54 0.58 0.62
1000 0.08 0.21 0.05 0.36 0.14 0.88 0.68 0.79